# Constructed from biom file
#OTU ID	Sample001	Sample002	Sample003	Sample010	Sample011	Sample012	Sample025	Sample026	Sample031	Sample032	Sample044	Sample045	Sample046	Sample047	Sample048	Sample049	Sample056	Sample057	Sample058	Sample065	Sample066	Sample067	Sample089	Sample090	Sample091	Sample095	Sample096	Sample097	Sample098	Sample099	Sample100	Sample101	Sample102	Sample103
Lactococcus	568	577	653	7079	6915	6394	44	1081	0	13	1	0	0	0	0	1	3178	2124	3879	3256	4624	6055	2072	1799	1400	1501	713	158	5383	2508	3026	490	722	1071
Tetragenococcus	1	1	2	0	0	0	18	38	0	0	515	73	338	4	1	1	0	0	0	0	0	0	408	283	501	399	90	40	1021	402	418	2961	552	1119
Pseudomonas	3648	3565	3828	0	416	703	352	456	191	28	27	26	34	105	117	91	0	7	5	1	1	0	5	4	3	31	44	85	1	0	5	6	0	6
Brevibacterium	0	2	0	0	0	0	3779	2995	0	1885	2677	3721	2877	27	23	67	0	0	0	1	1	0	56	14	81	422	1171	2307	33	0	254	360	3052	2542
Corynebacterium	42	38	41	0	2	3	697	352	0	23	1205	1009	690	42	21	29	0	0	0	0	0	0	87	27	148	455	1193	621	323	0	1772	3351	1066	1210
Acinetobacter	659	714	780	0	729	979	22	184	633	22	5	3	3	3	4	3	0	4	4	1	2	0	2	2	1	5	6	4	1	0	1	1	0	1
Lactobacillus	24	21	22	85	53	51	2	13	0	2	5	6	5	3	3	2	293	496	888	35	58	64	61	44	255	29	21	4	455	330	578	21	23	34
Staphylococcus	668	517	390	29	13	23	463	460	0	1275	210	41	1118	3	2	4	5	5	3	4	27	3	12	9	11	56	100	28	8	12	10	33	56	21
Enterococcus	32	26	25	91	67	67	2	23	0	2	4	2	3	1	1	1	60	47	73	51	73	88	36	30	22	39	22	5	91	43	60	31	24	28
Psychrobacter	7	8	4	0	0	1	46	7	2580	2	287	108	5	2	3	2	0	0	0	0	0	0	12	1	5	116	139	37	0	0	1	2	0	0
Hafnia	6	4	2	0	4	5	0	2	3	0	0	0	0	0	0	0	0	0	0	0	0	0	0	0	0	0	0	0	0	0	0	0	0	0
Brachybacterium	2	1	1	0	0	0	592	511	0	971	340	714	255	8	7	8	0	0	0	0	0	0	6	5	11	43	138	549	6	0	79	77	251	688
Bifidobacterium	4	5	6	0	0	0	3	2	0	1	3	4	4	4	4	3	0	0	0	0	0	0	0	0	0	1	1	1	1	0	1	1	2	1
Halomonas	1	0	1	0	0	0	2	1	0	1	67	105	37	20	45	32	0	0	0	0	0	0	52	3	4	454	561	1361	2	0	6	22	0	8
Acidipropionibacterium	0	0	0	0	0	0	1	1	0	1	1	2	1	1	1	1	0	0	0	0	0	0	0	0	0	0	1	0	0	0	0	0	1	1
Shewanella	0	1	0	0	0	1	2	30	0	1	1	1	1	2	2	3	0	0	0	0	0	0	0	0	0	1	2	3	0	0	0	0	0	0
Enterobacter	38	34	32	0	108	92	1	14	10	0	1	1	1	2	3	2	0	6	3	5	6	0	2	3	1	1	2	2	1	0	1	0	0	1
Streptomyces	9	10	10	0	0	1	84	47	0	34	49	63	75	208	172	143	0	3	3	0	0	0	6	3	4	15	40	34	4	0	25	24	50	28
Leuconostoc	21	17	16	33	27	28	1	20	0	3	0	0	2	0	0	0	49	26	46	14	23	29	13	13	9	6	3	1	22	13	19	2	3	4
Chryseobacterium	19	22	27	0	32	37	13	11	0	3	4	1	2	5	6	3	0	1	1	0	0	0	1	1	1	3	6	4	1	0	1	1	0	1
Obesumbacterium	0	0	0	0	0	0	0	0	0	0	0	0	0	0	0	0	0	0	0	0	0	0	0	0	0	0	0	0	0	0	0	0	0	0
Alkalibacterium	1	0	0	0	0	0	1	1	0	0	6	7	6	0	0	0	0	0	0	0	0	0	9	5	6	820	811	125	15	37	22	117	332	175
Kocuria	16	10	8	0	1	1	64	149	0	98	12	17	11	4	5	3	0	0	0	0	0	0	1	0	0	2	8	8	1	0	4	4	8	7
Microbacterium	10	8	8	0	0	1	122	17	0	14	46	59	48	65	70	27	0	0	0	0	0	0	2	0	1	4	13	14	1	0	8	7	21	12
Janibacter	0	0	0	0	0	0	11	14	0	8	19	11	24	5	25	3	0	0	0	0	0	0	0	0	0	0	1	1	0	0	1	1	2	1
Humibacillus	0	0	0	0	0	0	0	0	0	0	0	0	0	1	9	0	0	0	0	0	0	0	0	0	0	0	0	0	0	0	0	0	0	0
Arthrobacter	1	4	6	0	0	0	18	10	0	8	86	86	48	17	35	13	0	2	2	0	0	0	1	1	2	9	42	35	1	0	9	5	19	11
Rhodococcus	2	4	6	0	0	1	291	10	0	6	13	19	45	30	31	24	0	0	0	0	0	0	1	0	0	3	10	6	1	0	7	6	13	7
Marinobacter	0	0	0	0	0	0	0	0	0	0	72	16	38	9	39	14	0	0	0	0	0	0	7	1	1	234	361	708	1	0	1	13	0	3
Yaniella	0	0	0	0	0	0	1	0	0	0	60	105	104	14	1	2	0	0	0	0	0	0	0	1	2	2	13	12	7	0	66	5	26	43
Pseudonocardia	0	1	0	0	0	0	6	3	0	2	12	7	73	251	113	313	0	0	0	0	0	0	0	0	0	1	3	2	0	0	2	2	3	2
Citrobacter	14	13	17	0	96	70	0	10	19	0	0	0	0	1	1	1	0	16	10	9	14	0	2	3	1	3	1	1	1	0	1	0	0	0
Streptococcus	19	39	47	40	30	31	5	11	0	1	2	1	1	1	1	1	17	12	18	15	21	25	12	10	7	12	7	2	20	13	16	6	9	8
Nocardioides	1	1	1	0	0	0	10	6	0	4	15	11	11	40	39	21	0	0	0	0	0	0	1	0	0	2	5	4	0	0	3	3	6	3
Mycobacterium	15	12	11	0	0	0	20	10	0	5	19	22	36	72	63	51	0	1	1	0	0	0	2	1	1	4	11	8	1	0	8	7	14	8
Kluyvera	1	1	0	0	2	2	0	0	1	0	0	0	0	0	0	0	0	0	0	0	0	0	0	0	0	0	0	0	0	0	0	0	0	0
Raoultella	12	9	13	0	47	43	0	15	56	0	0	0	0	0	0	0	0	8	5	3	4	0	2	4	1	1	0	0	0	0	0	0	0	0
Klebsiella	22	25	24	0	35	30	1	34	64	1	1	1	1	2	2	1	0	5	5	3	5	0	2	2	1	2	1	2	2	0	1	1	0	1
Lelliottia	21	18	15	0	13	13	0	10	10	0	0	0	0	0	0	0	0	0	0	0	0	0	0	0	0	0	0	0	0	0	0	0	0	0
Acetobacter	0	0	0	0	0	0	0	0	0	0	0	0	0	1	2	1	0	0	0	0	0	0	0	0	0	0	0	0	0	0	0	0	0	0
Bacillus	56	49	40	7	5	6	2	10	0	3	6	5	4	9	7	4	4	4	5	3	4	4	4	3	3	12	11	4	5	6	6	7	15	8
Propionibacterium	0	0	0	0	0	0	2	1	0	1	1	2	1	1	1	1	0	0	0	0	0	0	0	0	0	0	1	1	0	0	0	0	1	1
Actinomyces	1	1	2	0	0	0	5	3	0	2	5	7	6	5	6	4	0	0	0	0	0	0	0	0	0	1	3	3	0	0	2	2	4	2
Pediococcus	0	1	1	0	0	0	0	0	0	0	0	0	0	0	0	0	0	1	1	0	0	0	0	0	1	0	0	0	1	1	2	1	1	0
Mesorhizobium	2	1	1	0	0	0	3	1	0	1	5	5	5	133	45	21	0	0	0	0	0	0	0	0	0	1	2	3	0	0	1	1	0	1
Comamonas	2	1	2	0	1	1	2	8	0	1	1	1	1	4	5	3	0	0	0	0	0	0	0	0	0	0	1	1	0	0	0	0	0	0
Carnobacterium	1	1	1	2	1	1	0	0	0	0	1	1	0	0	0	0	1	1	2	2	2	2	1	1	1	8	7	1	2	2	2	3	6	3
Glutamicibacter	0	0	0	0	0	0	2	1	0	1	32	35	18	1	2	1	0	0	0	0	0	0	1	0	1	4	20	13	1	0	9	5	10	6
Prevotella	2	3	3	0	0	0	0	0	0	0	1	0	1	1	1	1	0	0	0	0	0	0	0	0	0	1	1	1	0	0	0	0	0	0
Anaplasma	315	240	164	0	3	7	1	14	0	0	0	0	0	0	0	0	0	0	0	0	0	0	0	0	0	0	0	0	0	0	0	0	0	0
Dietzia	1	0	1	0	0	0	6	3	0	2	5	4	21	3	3	2	0	0	0	0	0	0	0	0	0	1	2	1	0	0	2	2	3	2
Nocardia	1	1	1	0	0	0	16	9	0	4	10	12	29	36	26	28	0	0	0	0	0	0	1	0	0	3	9	6	1	0	6	5	11	6
Escherichia	70	70	67	0	8	9	2	17	6	1	1	1	2	1	2	4	0	2	1	1	1	0	1	1	1	1	1	1	1	0	0	0	0	0
Stenotrophomonas	2	2	2	0	2	2	15	5	0	2	3	4	4	19	18	14	0	0	0	0	0	0	0	0	0	1	1	2	0	0	0	0	0	0
Pantoea	1	1	1	0	0	1	0	0	1	0	1	1	1	2	3	2	0	0	0	0	0	0	0	0	0	1	2	3	0	0	0	0	0	0
Rhodanobacter	0	0	0	0	0	0	0	0	0	0	5	16	7	69	54	28	0	0	0	0	0	0	0	0	0	0	1	1	0	0	0	0	0	0
Pseudoruegeria	0	0	0	0	0	0	1	0	0	0	0	0	0	1	2	1	0	17	10	1	0	0	15	19	19	0	1	1	3	0	6	2	0	3
Mycolicibacterium	8	8	8	0	0	0	9	8	0	2	7	9	15	32	21	18	0	0	0	0	0	0	1	0	0	2	5	3	0	0	3	3	6	3
Rothia	2	10	18	0	0	1	1	2	0	1	2	2	1	1	1	1	0	0	0	0	0	0	0	0	0	0	1	1	0	0	1	0	1	1
Micromonospora	2	1	0	0	0	0	10	6	0	3	6	7	9	30	23	21	0	0	0	0	0	0	1	0	0	2	5	4	0	0	3	3	6	3
Ewingella	0	0	0	0	0	0	0	0	0	0	0	0	1	0	0	0	0	0	0	0	0	0	0	0	0	0	0	0	0	0	0	0	0	0
Paracoccus	1	1	1	0	0	0	4	2	0	1	4	3	3	12	15	8	0	0	0	0	0	0	0	0	0	1	1	1	0	0	1	0	0	1
Gordonia	2	5	4	0	0	0	11	5	0	2	8	9	32	11	10	9	0	0	0	0	0	0	1	0	0	2	6	3	1	0	4	4	8	4
Rahnella	0	0	0	0	0	0	0	0	0	0	0	0	0	0	1	1	0	0	0	0	0	0	0	0	0	0	0	0	0	0	0	0	0	0
Sphingomonas	1	2	1	0	0	0	3	2	0	2	3	4	5	38	26	15	0	0	0	0	0	0	1	0	1	1	2	3	0	0	1	1	0	1
Amycolatopsis	1	1	1	0	0	0	8	4	0	3	6	7	11	36	26	37	0	0	0	0	0	0	0	0	0	2	4	3	0	0	3	3	5	3
Intrasporangium	0	0	0	0	0	0	1	0	0	0	1	2	1	2	30	1	0	0	0	0	0	0	0	0	0	0	0	0	0	0	0	0	1	0
Macrococcus	52	52	44	57	46	59	1	54	0	3	0	0	0	0	0	0	1	0	0	0	0	0	0	1	0	2	1	0	1	1	0	2	2	1
Bradyrhizobium	18	10	2	0	1	0	3	2	0	2	4	4	5	44	27	17	0	1	1	0	0	0	1	1	1	1	2	3	0	0	1	1	0	1
Lysobacter	1	0	0	0	0	0	1	1	0	0	2	3	3	50	29	15	0	0	0	0	0	0	0	0	0	1	1	1	0	0	0	0	0	0
Tessaracoccus	1	1	1	0	0	0	3	1	0	1	1	2	2	2	5	1	0	0	0	0	0	0	0	0	0	1	1	1	0	0	1	1	2	1
Psychroflexus	0	0	0	0	0	0	0	0	0	0	3	1	1	0	1	1	0	0	0	0	0	0	6	0	0	73	174	103	0	0	1	3	0	1
Leucobacter	0	1	1	0	0	0	5	3	0	1	10	10	7	5	9	3	0	0	0	0	0	0	0	0	0	1	2	3	0	0	1	1	3	3
Methylobacterium	1	1	1	0	0	0	4	2	0	2	2	2	3	17	13	10	0	3	3	0	0	0	0	0	0	1	1	1	0	0	1	1	0	1
Aeromonas	2	2	2	0	1	1	1	2	0	1	1	1	2	5	6	5	0	0	0	0	0	0	0	0	0	2	2	4	0	0	0	0	0	0
Ornithinimicrobium	0	0	0	0	0	0	2	1	0	1	2	2	3	6	7	2	0	0	0	0	0	0	0	0	0	0	1	1	0	0	0	0	1	1
Tetrasphaera	0	0	0	0	0	0	1	1	0	1	2	2	2	3	10	2	0	0	0	0	0	0	0	0	0	0	0	0	0	0	0	0	1	0
Brevundimonas	3	1	1	0	0	0	1	1	0	1	1	1	1	16	4	3	0	0	0	0	0	0	0	0	0	0	0	1	0	0	0	0	0	0
Curtobacterium	0	0	0	0	0	0	8	4	0	3	5	6	6	9	8	5	0	0	0	0	0	0	0	0	0	1	3	3	0	0	2	2	4	2
Burkholderia	5	2	2	0	0	0	4	2	0	2	5	6	7	25	27	17	0	1	1	0	0	0	1	1	1	2	3	5	0	0	1	1	0	2
Rhizobium	0	0	0	0	0	0	3	1	0	1	3	3	4	37	24	15	0	0	0	0	0	0	0	0	0	1	2	3	0	0	1	1	0	1
Devosia	0	0	0	0	0	0	1	0	0	0	1	1	1	67	62	40	0	0	0	0	0	0	0	0	0	0	1	1	0	0	0	0	0	0
Xanthomonas	1	1	1	0	0	0	1	1	0	1	3	4	4	23	21	15	0	2	2	0	0	0	0	0	0	1	2	2	0	0	1	0	0	0
Nitrosospira	0	0	0	0	0	0	0	0	0	0	0	0	0	80	67	4	0	0	0	0	0	0	0	0	0	0	0	0	0	0	0	0	0	0
Flavobacterium	2	1	2	0	0	0	9	1	0	0	11	3	5	5	6	5	0	1	1	0	0	0	2	1	1	11	21	17	0	0	1	1	0	1
Janthinobacterium	0	1	0	0	0	0	3	0	0	0	1	1	1	5	6	4	0	0	0	0	0	0	0	0	0	1	1	1	0	0	0	0	0	0
Cellulomonas	1	0	0	0	0	0	4	3	0	2	4	6	5	10	10	6	0	0	0	0	0	0	0	0	0	1	2	2	0	0	1	1	2	1
Serinicoccus	0	0	0	0	0	0	1	1	0	1	1	2	2	2	4	1	0	0	0	0	0	0	0	0	0	0	0	0	0	0	0	0	1	0
Aerococcus	28	22	22	4	2	3	0	4	0	0	1	1	1	0	0	0	0	0	0	0	0	0	1	0	0	5	4	1	2	2	1	6	5	3
Marinilactibacillus	0	0	0	0	0	0	0	1	0	0	1	1	1	0	0	0	0	0	0	0	0	0	1	0	1	40	26	7	1	4	2	8	19	9
Phycicoccus	0	0	0	0	0	0	1	1	0	1	1	1	2	3	13	2	0	0	0	0	0	0	0	0	0	0	1	0	0	0	0	0	1	0
Clostridium	5	9	9	1	1	1	1	1	0	1	2	2	1	3	2	2	1	1	1	0	0	0	1	1	1	7	3	1	1	2	1	2	8	3
Paenibacillus	2	2	1	0	0	0	1	1	0	1	3	3	3	9	8	4	1	2	1	0	0	0	1	1	1	3	3	3	1	1	2	2	4	2
Agrococcus	0	0	0	0	0	0	2	1	0	1	3	3	2	3	2	1	0	0	0	0	0	0	0	0	0	0	1	2	0	0	1	2	2	1
Serratia	7	25	21	0	7	7	0	4	7	1	1	1	2	3	4	3	0	1	1	0	1	0	0	0	0	1	1	2	0	0	0	0	0	0
Nitrospira	0	0	0	0	0	0	0	0	0	0	0	0	0	5	7	0	0	0	0	0	0	0	0	0	0	0	0	0	0	0	0	0	0	0
Knoellia	0	0	0	0	0	0	1	1	0	0	1	1	1	2	6	1	0	0	0	0	0	0	0	0	0	0	0	0	0	0	0	0	0	0
Variovorax	0	0	1	0	0	0	2	1	0	1	2	3	3	15	14	9	0	0	0	0	0	0	0	0	0	1	1	2	0	0	1	0	0	1
Kytococcus	0	0	0	0	0	0	1	1	0	1	3	5	2	1	1	0	0	0	0	0	0	0	0	0	0	0	0	1	0	0	0	0	1	1
Planococcus	0	0	0	0	0	0	0	0	0	0	0	0	0	0	0	0	0	0	0	0	0	0	0	0	0	0	0	0	0	0	0	0	0	0
Pseudoxanthomonas	0	0	0	0	0	0	1	0	0	0	1	2	2	15	12	8	0	0	0	0	0	0	0	0	0	0	1	1	0	0	0	0	0	0
Yersinia	1	1	0	0	0	1	0	0	0	0	0	0	0	1	1	1	0	0	0	0	0	0	0	0	0	1	1	1	0	0	0	0	0	0
Lentibacillus	0	1	0	0	0	0	0	0	0	0	1	0	0	0	0	0	0	0	0	0	0	0	2	1	2	1	1	0	3	1	1	8	1	4
Acidovorax	0	1	0	0	0	0	2	1	0	1	1	1	2	7	9	6	0	0	0	0	0	0	0	0	0	1	1	1	0	0	0	0	0	0
Micrococcus	1	1	1	0	0	0	2	1	0	1	3	3	2	1	1	1	0	0	0	0	0	0	0	0	0	0	2	2	0	0	1	1	2	1
Actinoplanes	1	0	0	0	0	0	5	2	0	1	3	3	4	14	12	10	0	0	0	0	0	0	0	0	0	1	2	2	0	0	2	1	3	2
Vibrio	4	7	7	0	0	1	1	5	0	1	4	2	2	4	5	3	0	1	1	0	0	0	1	1	1	5	8	11	0	0	1	1	0	1
Agromyces	0	0	0	0	0	0	4	2	0	1	4	5	4	7	7	4	0	0	0	0	0	0	0	0	0	0	1	1	0	0	1	1	2	1
Aeromicrobium	0	1	0	0	0	0	2	1	0	1	3	3	3	12	6	7	0	0	0	0	0	0	0	0	0	0	1	1	0	0	1	1	2	1
Luteimonas	0	0	0	0	0	0	0	0	0	0	1	1	1	14	8	4	0	0	0	0	0	0	0	0	0	0	0	0	0	0	0	0	0	0
Moraxella	2	1	1	0	0	0	0	0	3	0	2	1	0	0	1	1	0	0	0	0	0	0	0	0	0	2	3	1	0	0	0	0	0	0
Nesterenkonia	0	0	1	0	0	0	16	2	0	31	5	6	5	1	1	1	0	0	0	0	0	0	0	0	0	2	4	3	0	0	3	2	4	2
Cryobacterium	0	1	0	0	0	0	3	1	0	1	5	6	6	6	8	5	0	0	0	0	0	0	0	0	0	1	2	2	0	0	1	1	2	1
Nocardiopsis	3	2	3	0	0	0	5	3	0	2	3	4	4	9	7	7	0	0	0	0	0	0	0	0	0	1	2	2	0	0	2	2	3	2
Actinomadura	0	0	0	0	0	0	4	2	0	1	2	3	4	15	11	9	0	0	0	0	0	0	0	0	0	1	2	2	0	0	1	1	3	2
Cronobacter	2	31	25	0	2	2	0	1	1	0	1	1	1	2	2	2	0	1	1	0	0	0	0	0	0	0	0	1	0	0	0	0	0	0
Piscicoccus	0	0	0	0	0	0	0	0	0	1	2	4	1	1	1	1	0	0	0	0	0	0	0	0	0	0	0	0	0	0	0	0	0	0
Terracoccus	0	0	0	0	0	0	0	0	0	0	0	0	0	1	7	1	0	0	0	0	0	0	0	0	0	0	0	0	0	0	0	0	0	0
Dyella	0	0	0	0	0	0	0	0	0	0	3	6	4	22	23	18	0	0	0	0	0	0	0	0	0	0	1	1	0	0	0	0	0	0
Paraburkholderia	3	1	0	0	0	0	2	1	0	2	2	2	4	16	19	10	0	0	0	1	1	0	0	0	0	2	2	3	0	0	1	1	0	1
Pseudoclavibacter	1	1	1	0	0	0	6	1	0	1	2	3	2	2	2	1	0	0	0	0	0	0	0	0	0	0	1	1	0	0	1	1	1	1
Leclercia	10	6	6	0	39	37	0	6	19	0	0	0	0	0	0	0	0	1	1	1	1	0	0	0	0	0	0	0	0	0	0	0	0	0
Salmonella	9	10	7	0	3	3	0	2	1	0	1	1	0	1	1	1	0	1	0	0	0	0	0	0	0	2	2	1	0	0	1	1	0	1
Enteractinococcus	0	0	0	0	0	0	0	0	0	0	7	11	11	2	0	0	0	0	0	0	0	0	0	0	0	0	1	1	1	0	7	1	3	5
Frankia	0	0	0	0	0	0	3	2	0	1	2	2	4	13	10	9	0	0	0	0	0	0	1	1	1	1	1	1	0	0	1	1	2	1
Achromobacter	0	0	2	0	0	0	2	1	0	1	2	2	2	16	26	8	0	0	0	0	0	0	0	0	0	1	1	2	0	0	0	0	0	0
Leifsonia	0	0	0	0	0	0	3	2	0	2	4	4	4	6	7	3	0	0	0	0	0	0	0	0	0	1	1	2	0	0	1	1	2	1
Geodermatophilus	0	1	0	0	0	0	4	2	0	1	2	2	3	11	9	8	0	0	0	0	0	0	0	0	0	1	2	1	0	0	1	1	2	1
Nitrobacter	0	0	0	0	0	0	0	0	0	0	0	0	0	33	2	1	0	0	0	0	0	0	0	0	0	0	0	0	0	0	0	0	0	0
Mycolicibacter	0	0	0	0	0	0	2	1	0	0	2	3	3	8	13	5	0	0	0	0	0	0	0	0	0	0	1	0	0	0	1	1	1	1
Dermacoccus	2	1	1	0	0	0	0	0	0	0	1	1	1	1	1	1	0	0	0	0	0	0	0	0	0	0	0	0	0	0	0	0	0	0
Nonomuraea	0	0	0	0	0	0	2	1	0	1	2	2	3	11	9	7	0	0	0	0	0	0	0	0	0	0	1	1	0	0	1	1	1	1
Atopostipes	0	0	1	0	0	0	0	0	0	0	1	1	1	0	0	0	0	0	0	0	0	0	0	0	0	6	6	1	1	2	2	2	11	6
Ochrobactrum	1	0	1	0	0	0	9	5	0	1	0	0	0	3	2	1	0	0	0	0	0	0	0	0	0	0	0	0	0	0	0	0	0	0
Jeotgalicoccus	4	3	3	0	0	0	0	1	0	1	2	5	2	0	0	0	0	0	0	0	0	0	0	0	0	0	0	0	0	0	0	0	0	0
Sphingopyxis	0	0	0	0	0	0	1	0	0	0	1	1	1	19	20	4	0	0	0	0	0	0	0	0	0	0	1	1	0	0	0	0	0	0
Listeria	4	6	5	2	2	2	0	1	0	0	0	0	0	0	0	1	1	1	2	1	2	2	1	1	1	2	2	0	2	1	2	1	2	1
Arsenicicoccus	0	0	0	0	0	0	1	0	0	0	0	1	0	1	2	1	0	0	0	0	0	0	0	0	0	0	0	0	0	0	0	0	0	0
Blastococcus	0	1	1	0	0	0	3	2	0	1	1	2	2	8	7	6	0	0	0	0	0	0	0	0	0	0	1	1	0	0	1	1	1	1
Exiguobacterium	2	1	1	0	0	0	0	3	0	1	0	0	0	0	0	0	0	0	0	0	0	0	0	0	0	0	0	0	0	0	0	0	0	0
Luteococcus	0	0	0	0	0	0	11	0	0	0	0	1	0	0	0	0	0	0	0	0	0	0	0	0	0	0	0	0	0	0	0	0	0	0
Terrabacter	0	0	0	0	0	0	0	0	0	0	0	0	0	1	7	0	0	0	0	0	0	0	0	0	0	0	0	0	0	0	0	0	0	0
Pseudaminobacter	0	0	0	0	0	0	0	0	0	0	0	0	0	50	8	1	0	0	0	0	0	0	0	0	0	0	0	0	0	0	0	0	0	0
Clostridioides	15	26	19	2	1	2	1	4	0	0	0	1	1	0	0	2	0	1	1	1	1	1	1	1	0	1	1	0	1	0	1	0	0	0
Salinisphaera	0	0	0	0	0	0	0	0	0	0	5	2	16	8	16	47	0	0	0	0	0	0	0	0	0	0	1	1	0	0	0	0	0	0
Bordetella	1	2	1	0	0	0	1	1	0	0	2	2	2	17	31	8	0	0	0	0	0	0	0	0	0	1	2	2	0	0	1	0	0	1
Roseovarius	0	0	0	0	0	0	1	0	0	0	9	7	4	5	15	3	0	0	0	0	0	0	0	0	0	0	1	1	0	0	0	0	0	0
Pusillimonas	0	0	0	0	0	0	0	0	0	0	5	2	1	36	47	2	0	0	0	0	0	0	0	0	0	0	0	1	0	0	0	0	0	0
Cupriavidus	0	0	0	0	0	0	1	1	0	0	2	2	3	11	13	9	0	0	0	0	0	0	0	0	0	1	1	2	0	0	0	0	0	1
Aequorivita	0	0	0	0	0	0	0	0	0	0	20	4	4	1	5	1	0	0	0	0	0	0	0	0	0	2	5	4	0	0	0	0	0	0
Bosea	0	0	0	0	0	0	1	1	0	0	1	1	1	11	8	4	0	0	0	0	0	0	0	0	0	0	1	1	0	0	0	0	0	0
Marmoricola	0	0	0	0	0	0	1	1	0	0	1	1	1	5	5	3	0	0	0	0	0	0	0	0	0	0	0	0	0	0	0	0	0	0
Rathayibacter	0	0	1	0	0	0	3	1	0	1	1	2	2	3	3	2	0	0	0	0	0	0	0	0	0	1	1	1	0	0	1	1	2	1
Deinococcus	0	1	0	0	0	0	2	1	0	1	1	1	1	6	5	3	0	0	0	0	0	0	0	0	0	0	1	1	0	0	0	0	0	0
Sphingobium	1	1	0	0	0	0	1	1	0	1	1	1	1	8	6	4	0	0	0	0	0	0	0	0	0	0	1	1	0	0	0	0	0	0
Pedobacter	1	0	1	0	0	0	1	0	0	0	2	1	1	3	3	2	0	0	0	0	0	0	0	0	0	1	2	2	0	0	0	0	0	0
Massilia	1	0	0	0	0	0	1	1	0	1	1	2	2	9	11	8	0	0	0	0	0	0	0	0	0	0	1	1	0	0	1	0	0	1
Salinicola	0	0	0	0	0	0	0	3	0	1	2	3	2	3	4	4	0	0	0	0	0	0	1	0	0	5	7	16	0	0	0	0	0	0
Nakamurella	0	0	0	0	0	0	1	0	0	0	1	1	1	5	5	16	0	0	0	0	0	0	0	0	0	0	0	0	0	0	0	0	1	0
Kineosphaera	0	0	0	0	0	0	0	0	0	0	0	1	0	0	1	0	0	0	0	0	0	0	0	0	0	0	0	0	0	0	0	0	0	0
Azospirillum	0	0	0	0	0	0	1	1	0	1	2	2	2	11	9	9	0	0	0	0	0	0	0	0	0	0	1	2	0	0	1	0	0	1
Rhodobacter	0	1	0	0	0	0	1	1	0	0	1	1	1	5	6	4	0	0	0	0	0	0	1	0	0	1	4	1	0	0	3	3	0	2
Agrobacterium	0	1	0	0	0	0	1	1	0	0	1	1	1	5	4	2	0	0	0	0	0	0	0	0	0	0	0	1	0	0	0	0	0	0
Novosphingobium	3	4	0	0	0	0	1	1	0	1	1	2	2	9	8	5	0	0	0	0	0	0	0	0	0	0	1	1	0	0	0	0	0	1
Saccharothrix	0	0	0	0	0	0	2	1	0	1	1	1	2	9	6	6	0	0	0	0	0	0	0	0	0	0	1	1	0	0	1	1	1	1
Bavariicoccus	0	0	0	1	1	1	0	0	0	0	0	0	0	0	0	0	1	1	1	1	1	1	0	0	0	3	2	0	1	1	1	1	2	1
Arcobacter	1	1	1	0	0	0	0	0	0	0	0	0	0	0	0	0	0	0	0	0	0	0	0	0	0	56	27	2	0	0	0	0	0	0
Thauera	0	0	0	0	0	0	0	0	0	0	1	1	1	4	6	3	0	0	0	0	0	0	0	0	0	0	0	1	0	0	0	0	0	0
Sanguibacter	0	1	0	0	0	0	3	1	0	1	1	2	2	2	2	1	0	0	0	0	0	0	0	0	0	0	0	1	0	0	0	0	1	0
Vagococcus	1	1	1	0	0	0	0	0	0	0	1	0	0	0	0	0	0	0	0	0	0	0	0	0	0	2	2	0	0	0	0	1	2	1
Paeniglutamicibacter	0	0	0	0	0	0	0	0	0	0	4	4	2	0	1	0	0	0	0	0	0	0	0	0	0	0	2	2	0	0	0	0	1	0
Micropruina	0	0	0	0	0	0	0	0	0	0	0	0	0	0	0	0	0	0	0	0	0	0	0	0	0	0	0	0	0	0	0	0	0	0
Kitasatospora	0	0	0	0	0	0	2	1	0	1	1	2	2	6	5	4	0	0	0	0	0	0	0	0	0	0	1	1	0	0	1	1	1	1
Nitrococcus	0	0	0	0	0	0	1	0	0	0	0	0	1	22	27	10	0	0	0	0	0	0	0	0	0	0	0	0	0	0	0	0	0	0
Williamsia	0	0	0	0	0	0	2	1	0	0	1	1	2	2	1	2	0	0	0	0	0	0	0	0	0	0	1	0	0	0	0	0	1	0
Jiangella	0	0	0	0	0	0	1	1	0	1	1	1	2	7	4	4	0	0	0	0	0	0	0	0	0	0	1	1	0	0	0	0	1	1
Microlunatus	0	0	0	0	0	0	0	0	0	0	0	1	1	1	1	1	0	0	0	0	0	0	0	0	0	0	0	0	0	0	0	0	0	0
Sphingobacterium	1	0	0	0	0	0	7	15	0	1	1	0	1	1	1	1	0	0	0	0	0	0	0	0	0	0	1	1	0	0	0	0	0	0
Gelidibacter	0	0	0	0	0	0	0	0	0	0	3	1	2	0	5	0	0	0	0	0	0	0	0	0	0	1	1	1	0	0	0	0	0	0
Kribbella	0	0	0	0	0	0	1	1	0	0	1	1	2	5	4	3	0	0	0	0	0	0	0	0	0	0	1	1	0	0	0	0	1	0
Virgibacillus	0	1	1	0	0	0	0	0	0	0	0	0	0	1	0	0	0	0	0	0	0	0	0	0	0	1	1	0	0	0	0	1	2	1
Nitrosomonas	0	0	0	0	0	0	0	0	0	0	1	0	1	5	6	3	0	0	0	0	0	0	0	0	0	0	0	1	0	0	0	0	0	0
Bacteroides	3	10	6	0	0	0	0	0	0	0	1	1	1	2	2	1	0	0	0	0	0	0	0	0	0	1	1	1	0	0	0	0	0	0
Thioalkalivibrio	0	0	0	0	0	0	0	0	0	0	1	1	2	9	12	10	0	0	0	0	0	0	0	0	0	1	1	3	0	0	0	0	0	0
Weissella	0	1	1	2	1	1	0	2	0	1	0	0	0	0	0	0	1	1	1	1	1	1	1	1	1	1	1	0	2	2	1	0	1	1
Georgenia	0	0	0	0	0	0	2	1	0	1	1	2	2	2	3	1	0	0	0	0	0	0	0	0	0	0	1	1	0	0	0	0	1	1
Streptacidiphilus	0	0	0	0	0	0	2	1	0	0	1	1	1	5	4	4	0	0	0	0	0	0	0	0	0	0	1	1	0	0	1	1	1	1
Hydrogenophaga	0	0	1	0	0	0	0	0	0	0	1	1	1	4	4	2	0	0	0	0	0	0	0	0	0	0	0	0	0	0	0	0	0	0
Chromohalobacter	0	0	0	0	0	0	0	0	0	1	1	1	1	1	2	5	0	0	0	0	0	0	1	0	0	5	6	13	0	0	0	0	0	0
Alcanivorax	0	0	0	0	0	0	0	0	0	0	1	1	2	5	28	7	0	0	0	0	0	0	0	0	0	2	3	6	0	0	0	0	0	0
Simplicispira	0	0	0	0	0	0	0	0	0	0	0	0	0	1	2	1	0	0	0	0	0	0	0	0	0	0	0	0	0	0	0	0	0	0
Saccharomonospora	0	0	0	0	0	0	2	1	0	1	1	2	2	6	4	7	0	0	0	0	0	0	0	0	0	0	1	1	0	0	0	0	1	1
Hyphomicrobium	0	0	0	0	0	0	0	0	0	0	1	0	0	34	4	2	0	0	0	0	0	0	0	0	0	0	0	0	0	0	0	0	0	0
Pseudorhodobacter	0	0	0	0	0	0	0	0	0	0	1	1	0	1	2	1	0	0	0	0	0	0	0	0	0	0	0	0	0	0	0	0	0	0
Caulobacter	3	1	0	0	0	0	1	1	0	0	1	1	1	7	6	4	0	0	0	0	0	0	0	0	0	0	1	1	0	0	0	0	0	0
Pelagibacterium	0	0	0	0	0	0	0	0	0	0	0	0	0	28	19	4	0	0	0	0	0	0	0	0	0	0	0	0	0	0	0	0	0	0
Saccharopolyspora	0	0	0	0	0	0	2	1	0	0	1	1	2	6	4	6	0	0	0	0	0	0	0	0	0	0	1	0	0	0	1	1	1	1
Sulfitobacter	0	0	0	0	0	0	0	0	0	0	3	2	1	3	7	2	0	0	0	0	0	0	0	0	0	0	0	1	0	0	0	0	0	0
Citricoccus	0	0	0	0	0	0	1	1	0	1	2	2	1	1	1	0	0	0	0	0	0	0	0	0	0	0	1	1	0	0	1	0	1	1
Methylibium	0	0	0	0	0	0	0	0	0	0	0	0	0	3	2	1	0	0	0	0	0	0	0	0	0	0	0	0	0	0	0	0	0	0
Tsukamurella	0	0	0	0	0	0	3	1	0	0	1	1	3	3	2	2	0	0	0	0	0	0	0	0	0	1	2	1	0	0	1	1	2	1
Ruania	0	0	0	0	0	0	2	3	0	0	2	3	6	1	1	1	0	0	0	0	0	0	0	0	0	0	0	0	0	0	0	0	0	0
Demequina	0	0	1	0	0	0	2	1	0	1	4	2	2	2	2	1	0	0	0	0	0	0	0	0	0	0	1	0	0	0	0	0	1	1
Buttiauxella	1	1	1	0	0	1	0	1	0	0	0	0	0	0	0	0	0	0	0	0	0	0	0	0	0	0	0	0	0	0	0	0	0	0
Campylobacter	15	15	11	0	0	1	0	5	0	0	0	0	0	1	1	1	0	0	0	0	0	0	0	0	0	1	1	0	0	0	0	0	0	0
Frigoribacterium	0	0	0	0	0	0	2	1	0	1	1	1	1	2	2	3	0	0	0	0	0	0	0	0	0	0	1	0	0	0	0	0	1	0
Promicromonospora	0	0	0	0	0	0	2	1	0	1	1	1	1	3	2	4	0	0	0	0	0	0	0	0	0	0	1	1	0	0	1	0	1	1
Oceanobacillus	1	0	1	0	0	0	0	0	0	0	0	0	0	0	0	0	0	0	0	0	0	0	0	0	0	1	1	0	0	0	0	1	1	1
Mobilicoccus	0	0	0	0	0	0	1	0	0	0	0	1	1	1	1	0	0	0	0	0	0	0	0	0	0	0	0	0	0	0	0	0	0	0
Gluconobacter	0	0	0	0	0	0	0	0	0	0	0	0	0	1	1	0	0	0	0	0	0	0	0	0	0	0	0	0	0	0	0	0	0	0
Pseudarthrobacter	0	0	0	0	0	0	1	0	0	0	2	3	2	1	1	0	0	0	0	0	0	0	0	0	0	0	1	1	0	0	0	0	1	0
Pseudoalteromonas	2	2	0	0	0	0	0	1	0	0	2	1	1	1	3	1	0	0	0	0	0	0	0	0	0	2	5	3	0	0	0	0	0	0
Polaromonas	0	0	0	0	0	0	0	0	0	0	1	0	1	4	5	3	0	0	0	0	0	0	0	0	0	0	0	0	0	0	0	0	0	0
Friedmanniella	0	0	0	0	0	0	1	0	0	0	0	0	1	2	2	1	0	0	0	0	0	0	0	0	0	0	0	0	0	0	0	0	0	0
Salinicoccus	1	1	1	0	0	0	0	1	0	4	0	0	0	0	0	0	0	0	0	0	0	0	0	0	0	1	4	1	0	0	0	0	0	0
Mycetocola	0	0	0	0	0	0	2	1	0	1	2	2	2	2	2	1	0	0	0	0	0	0	0	0	0	0	1	1	0	0	0	0	1	1
Prauserella	0	0	0	0	0	0	1	1	0	1	1	1	2	6	4	6	0	0	0	0	0	0	0	0	0	0	1	0	0	0	0	0	1	0
Idiomarina	0	0	0	0	0	0	0	0	0	0	1	0	1	1	1	2	0	0	0	0	0	0	0	0	0	3	16	23	0	0	0	1	0	0
Actinokineospora	0	0	0	0	0	0	1	1	0	0	1	1	1	6	4	4	0	0	0	0	0	0	0	0	0	0	1	0	0	0	0	0	1	0
Plantibacter	0	0	0	0	0	0	2	1	0	0	1	1	1	1	1	1	0	0	0	0	0	0	0	0	0	0	0	0	0	0	0	0	0	0
Jeotgalibaca	1	1	0	0	0	0	0	0	0	0	0	0	0	0	0	0	0	0	0	0	0	0	0	0	0	3	4	1	0	1	1	1	3	2
Mycobacteroides	0	1	0	0	0	0	1	1	0	0	1	1	2	2	2	2	0	0	0	0	0	0	0	0	0	0	1	1	0	0	1	0	1	1
Clavibacter	0	0	0	0	0	0	2	1	0	1	1	1	1	3	3	1	0	0	0	0	0	0	0	0	0	0	1	1	0	0	0	0	1	0
Luteibacter	0	0	0	0	0	0	0	0	0	0	1	2	2	7	7	6	0	0	0	0	0	0	0	0	0	0	0	0	0	0	0	0	0	0
Salegentibacter	0	0	0	0	0	0	0	0	0	0	3	1	13	1	1	2	0	0	0	0	0	0	0	0	0	7	10	8	0	0	0	0	0	0
Legionella	1	1	1	0	0	0	0	0	0	0	1	0	1	10	4	3	0	0	0	0	0	0	0	0	0	1	1	1	0	0	0	0	0	0
Desulfovibrio	0	0	1	0	0	0	1	0	0	0	1	1	1	4	5	3	0	0	0	0	0	0	0	0	0	0	1	1	0	0	0	0	0	0
Luteipulveratus	0	0	0	0	0	0	1	0	0	0	0	1	1	1	2	1	0	0	0	0	0	0	0	0	0	0	0	0	0	0	0	0	0	0
Rhodopseudomonas	2	0	0	0	0	0	0	0	0	0	1	1	1	6	4	3	0	0	0	0	0	0	0	0	0	0	0	0	0	0	0	0	0	0
Herbaspirillum	2	1	1	0	0	0	1	1	0	0	1	1	1	4	6	3	0	0	0	0	0	0	0	0	0	0	1	1	0	0	0	0	0	0
Glycomyces	0	0	0	0	0	0	1	1	0	0	1	1	1	4	3	2	0	0	0	0	0	0	0	0	0	0	1	1	0	0	0	0	1	0
Kushneria	0	0	0	0	0	0	0	0	0	0	1	1	1	1	2	2	0	0	0	0	0	0	0	0	0	4	4	9	0	0	0	0	0	0
Erythrobacter	0	0	0	0	0	0	0	0	0	0	0	1	1	5	6	3	0	0	0	0	0	0	0	0	0	0	0	0	0	0	0	0	0	0
Neisseria	10	7	5	0	0	0	0	3	0	0	1	1	1	2	3	2	0	0	0	0	0	0	0	0	0	0	1	1	0	0	0	0	0	0
Zhihengliuella	0	0	0	0	0	0	1	0	0	0	2	2	1	1	1	0	0	0	0	0	0	0	0	0	0	0	1	1	0	0	0	0	1	0
Gulosibacter	0	0	0	0	0	0	1	1	0	1	2	2	2	1	1	1	0	0	0	0	0	0	0	0	0	1	1	1	0	0	1	1	2	1
Lysinimicrobium	0	0	0	0	0	0	1	1	0	1	1	2	1	2	2	1	0	0	0	0	0	0	0	0	0	0	0	0	0	0	0	0	1	0
Oceanisphaera	0	0	0	0	0	0	0	0	0	0	2	2	0	1	2	1	0	0	0	0	0	0	0	0	0	1	5	2	0	0	0	0	0	0
Tersicoccus	0	0	0	0	0	0	1	0	0	0	2	2	1	1	1	0	0	0	0	0	0	0	0	0	0	0	1	1	0	0	1	1	1	1
Cellulosimicrobium	0	0	0	0	0	0	1	1	0	1	1	1	1	2	2	1	0	0	0	0	0	0	0	0	0	0	0	0	0	0	0	0	0	0
Lentzea	0	0	0	0	0	0	1	1	0	0	1	1	1	4	3	3	0	0	0	0	0	0	0	0	0	0	0	0	0	0	0	0	1	0
Salinispora	0	0	0	0	0	0	1	1	0	0	1	1	1	3	3	3	0	0	0	0	0	0	0	0	0	0	1	1	0	0	0	0	1	1
Atlantibacter	10	9	7	0	2	3	7	1	0	0	0	0	0	0	0	0	0	0	0	0	0	0	0	0	0	0	0	0	0	0	0	0	0	0
Kaistia	2	1	1	0	1	2	0	0	0	0	0	0	0	2	2	1	0	0	0	0	0	0	0	0	0	0	0	0	0	0	0	0	0	0
Roseomonas	1	0	0	0	0	0	1	0	0	0	1	1	1	4	4	2	0	0	0	0	0	0	0	0	0	0	1	1	0	0	0	0	0	0
Limnohabitans	0	0	0	0	0	0	0	0	0	0	1	0	1	3	4	2	0	0	0	0	0	0	0	0	0	0	1	1	0	0	0	0	0	0
Lysinibacillus	1	1	0	0	0	0	0	0	0	0	0	0	0	1	0	0	0	0	0	0	0	0	0	0	0	1	1	0	0	0	0	0	1	1
Erwinia	1	1	0	0	0	0	0	0	0	0	1	0	1	1	1	1	0	0	0	0	0	0	0	0	0	0	1	1	0	0	0	0	0	0
Rhizobacter	0	0	0	0	0	0	0	0	0	0	0	0	1	4	3	1	0	0	0	0	0	0	0	0	0	0	0	1	0	0	0	0	0	0
Isoptericola	0	0	0	0	0	0	1	1	0	1	1	1	1	2	2	1	0	0	0	0	0	0	0	0	0	0	1	0	0	0	0	0	1	0
Caballeronia	0	0	0	0	0	0	1	0	0	0	1	1	1	5	6	3	0	0	0	0	0	0	0	0	0	0	1	1	0	0	0	0	0	0
Aureimonas	0	0	0	0	0	0	1	0	0	0	0	0	1	6	4	3	0	0	0	0	0	0	0	0	0	0	0	0	0	0	0	0	0	0
Duganella	0	1	2	0	0	0	0	0	0	0	1	1	1	3	4	2	0	0	0	0	0	0	0	0	0	0	0	1	0	0	0	0	0	0
Hymenobacter	0	0	0	0	0	0	0	0	0	0	1	1	1	3	3	2	0	0	0	0	0	0	0	0	0	0	1	0	0	0	0	0	0	0
Marinococcus	0	0	0	0	0	0	0	0	0	21	0	0	0	0	0	0	0	0	0	0	0	0	0	0	0	0	0	0	0	0	0	0	0	0
Oleiagrimonas	0	0	0	0	0	0	0	0	0	0	1	2	1	5	6	7	0	0	0	0	0	0	0	0	0	0	0	0	0	0	0	0	0	0
Ensifer	4	2	2	0	0	0	0	0	0	0	0	0	1	5	4	2	0	0	0	0	0	0	0	0	0	0	0	0	0	0	0	0	0	0
Sinorhizobium	0	0	0	0	0	0	0	0	0	0	0	1	1	6	4	2	0	0	0	0	0	0	0	0	0	0	0	0	0	0	0	0	0	0
Sinomonas	0	0	0	0	0	0	1	0	0	0	1	2	1	1	1	0	0	0	0	0	0	0	0	0	0	0	1	1	0	0	0	0	0	0
Streptosporangium	0	1	1	0	0	0	1	1	0	0	1	1	1	3	3	2	0	0	0	0	0	0	0	0	0	0	0	0	0	0	0	0	1	0
Corallococcus	0	0	1	0	0	0	1	0	0	0	0	1	1	3	3	2	0	0	0	0	0	0	0	0	0	0	0	0	0	0	0	0	0	0
Ruegeria	0	0	0	0	0	0	0	0	0	0	1	1	1	2	4	2	0	0	0	0	0	0	0	0	0	0	0	1	0	0	0	0	0	0
Arenimonas	0	0	0	0	0	0	0	0	0	0	0	1	1	4	4	3	0	0	0	0	0	0	0	0	0	0	0	0	0	0	0	0	0	0
Photobacterium	1	0	1	0	0	0	0	0	0	0	4	2	1	1	1	1	0	0	0	0	0	0	0	0	0	1	2	2	0	0	0	0	0	0
Ralstonia	0	0	0	0	0	0	0	0	0	0	1	1	1	4	5	3	0	0	0	0	0	0	0	0	0	0	1	1	0	0	0	0	0	0
Aminobacter	0	0	0	0	0	0	0	0	0	0	0	0	0	6	3	2	0	0	0	0	0	0	0	0	0	0	0	0	0	0	0	0	0	0
Methylocystis	0	0	0	0	0	0	0	0	0	0	0	0	0	28	2	1	0	0	0	0	0	0	0	0	0	0	0	0	0	0	0	0	0	0
Flexivirga	0	0	0	0	0	0	0	0	0	0	0	0	0	1	1	0	0	0	0	0	0	0	0	0	0	0	0	0	0	0	0	0	0	0
Rhodoferax	0	0	0	0	0	0	0	0	0	0	0	0	0	2	3	2	0	0	0	0	0	0	0	0	0	0	0	1	0	0	0	0	0	0
Azoarcus	0	0	0	0	0	0	0	0	0	0	0	0	1	3	4	3	0	0	0	0	0	0	0	0	0	0	1	1	0	0	0	0	0	0
Nitratireductor	0	0	0	0	0	0	0	0	0	0	0	0	0	6	4	2	0	0	0	0	0	0	0	0	0	0	0	0	0	0	0	0	0	0
Gemmobacter	0	0	0	0	0	0	0	0	0	0	1	1	0	2	2	1	0	0	0	0	0	0	0	0	0	0	0	0	0	0	0	0	0	0
Chitinophaga	1	0	0	0	0	0	0	0	0	0	1	1	1	3	3	2	0	0	0	0	0	0	0	0	0	0	1	1	0	0	0	0	0	0
Actinoalloteichus	0	0	0	0	0	0	1	0	0	0	1	1	1	3	2	3	0	0	0	0	0	0	0	0	0	0	1	0	0	0	0	0	1	0
Advenella	0	0	0	0	0	0	0	0	0	0	1	0	0	23	3	1	0	0	0	0	0	0	0	0	0	0	1	1	0	0	0	0	0	0
Herbidospora	0	0	0	0	0	0	1	1	0	0	0	1	1	3	2	2	0	0	0	0	0	0	0	0	0	0	0	0	0	0	0	0	0	0
Microbispora	0	0	0	0	0	0	1	0	0	0	0	1	1	3	2	2	0	0	0	0	0	0	0	0	0	0	0	0	0	0	0	0	0	0
Actinomycetospora	0	0	0	0	0	0	0	0	0	0	0	0	1	5	3	4	0	0	0	0	0	0	0	0	0	0	0	0	0	0	0	0	0	0
Modestobacter	0	0	0	0	0	0	1	0	0	0	0	0	1	2	2	2	0	0	0	0	0	0	0	0	0	0	0	0	0	0	0	0	0	0
Microvirga	0	0	0	0	0	0	0	0	0	0	1	0	1	5	3	2	0	0	0	0	0	0	0	0	0	0	0	0	0	0	0	0	0	0
Rhodovulum	0	0	0	0	0	0	0	0	0	0	1	1	1	3	4	1	0	0	0	0	0	0	0	0	0	0	0	0	0	0	0	0	0	0
Helicobacter	1	1	1	0	0	0	0	0	0	0	0	0	0	1	1	0	0	1	0	0	0	0	1	0	0	1	1	0	0	0	0	0	0	0
Sorangium	1	0	1	0	0	0	1	0	0	0	0	1	1	3	3	1	0	0	0	0	0	0	0	0	0	0	0	0	0	0	0	0	0	0
Kutzneria	0	0	0	0	0	0	1	0	0	0	0	0	1	4	2	3	0	0	0	0	0	0	0	0	0	0	1	0	0	0	0	0	1	0
Facklamia	10	6	5	0	0	0	0	2	0	0	0	0	0	0	0	0	0	0	0	0	0	0	0	0	0	1	1	0	0	0	0	0	1	0
Solimonas	0	0	0	0	0	0	0	0	0	0	1	1	1	5	7	6	0	0	0	0	0	0	0	0	0	0	0	0	0	0	0	0	0	0
Frateuria	0	0	0	0	0	0	0	0	0	0	1	1	1	4	4	3	0	0	0	0	0	0	0	0	0	0	0	0	0	0	0	0	0	0
Agreia	0	0	0	0	0	0	1	0	0	0	1	1	1	1	1	1	0	0	0	0	0	0	0	0	0	0	0	0	0	0	0	0	0	0
Hoeflea	0	0	0	0	0	0	0	0	0	0	0	0	0	5	4	2	0	0	0	0	0	0	0	0	0	0	0	0	0	0	0	0	0	0
Rubrobacter	0	0	0	0	0	0	0	0	0	0	0	0	0	1	1	0	0	0	0	0	0	0	0	0	0	0	0	0	0	0	0	0	0	0
Frondihabitans	0	0	0	0	0	0	1	1	0	0	1	1	1	1	1	1	0	0	0	0	0	0	0	0	0	0	0	0	0	0	0	0	0	0
Phyllobacterium	0	0	0	0	0	0	1	0	0	0	0	0	0	5	3	2	0	0	0	0	0	0	0	0	0	0	0	0	0	0	0	0	0	0
Malikia	0	0	0	0	0	0	0	0	0	0	0	0	0	0	1	0	0	0	0	0	0	0	0	0	0	0	0	0	0	0	0	0	0	0
Pelomonas	0	0	0	0	0	0	0	0	0	0	0	0	0	2	3	2	0	0	0	0	0	0	0	0	0	0	0	0	0	0	0	0	0	0
Arenibacter	0	0	0	0	0	0	0	0	0	0	3	1	1	1	3	1	0	0	0	0	0	0	0	0	0	1	2	1	0	0	0	0	0	0
Aquimarina	0	1	0	0	0	0	0	0	0	0	2	1	1	1	1	1	0	0	0	0	0	0	0	0	0	2	4	3	0	0	0	0	0	0
Pandoraea	0	0	0	0	0	0	0	0	0	0	1	1	1	3	4	3	0	0	0	0	0	0	0	0	0	0	0	1	0	0	0	0	0	0
Solirubrobacter	0	0	0	0	0	0	0	0	0	0	0	0	0	5	4	1	0	0	0	0	0	0	0	0	0	0	0	0	0	0	0	0	0	0
Salinibacterium	0	0	0	0	0	0	1	0	0	0	1	1	1	1	1	1	0	0	0	0	0	0	0	0	0	0	0	0	0	0	0	0	0	0
Marinobacterium	0	0	0	0	0	0	0	0	0	0	1	1	1	1	2	3	0	0	0	0	0	0	0	0	0	1	2	3	0	0	0	0	0	0
Microbulbifer	0	0	0	0	0	0	0	0	0	0	1	0	1	2	3	2	0	0	0	0	0	0	1	1	1	1	1	2	0	0	0	0	0	0
Rubrivivax	0	0	0	0	0	0	0	0	0	0	0	0	0	1	2	1	0	0	0	0	0	0	0	0	0	0	0	0	0	0	0	0	0	0
Thioclava	0	0	0	0	0	0	0	0	0	0	1	1	1	2	3	1	0	0	0	0	0	0	0	0	0	0	0	0	0	0	0	0	0	0
Pseudooceanicola	0	0	0	0	0	0	0	0	0	0	1	1	1	2	3	1	0	0	0	0	0	0	0	0	0	0	0	0	0	0	0	0	0	0
Ideonella	0	0	0	0	0	0	0	0	0	0	0	0	0	2	2	1	0	0	0	0	0	0	0	0	0	0	0	0	0	0	0	0	0	0
Actinopolyspora	0	0	0	0	0	0	1	0	0	0	1	1	1	2	2	2	0	0	0	0	0	0	0	0	0	0	0	0	0	0	0	0	1	0
Trichococcus	0	0	0	0	0	0	1	0	0	0	0	0	0	0	0	0	0	0	0	0	0	0	0	0	0	1	1	0	0	0	0	0	2	1
Microterricola	0	0	0	0	0	0	1	0	0	0	1	1	1	1	1	1	0	0	0	0	0	0	0	0	0	0	0	0	0	0	0	0	0	0
Rheinheimera	0	0	0	0	0	0	0	1	0	0	1	0	0	1	1	1	0	0	0	0	0	0	0	0	0	0	1	1	0	0	0	0	0	0
Pseudopropionibacterium	0	0	0	0	0	0	0	0	0	0	0	0	0	1	1	1	0	0	0	0	0	0	0	0	0	0	0	0	0	0	0	0	0	0
Kibdelosporangium	0	0	0	0	0	0	1	0	0	0	0	0	1	3	2	2	0	0	0	0	0	0	0	0	0	0	0	0	0	0	0	0	0	0
Cobetia	0	0	0	0	0	0	0	0	0	0	0	1	0	0	1	1	0	0	0	0	0	0	0	0	0	2	3	6	0	0	0	0	0	0
Defluviimonas	0	0	0	0	0	0	0	0	0	0	0	0	0	2	2	1	0	0	0	0	0	0	0	0	0	0	0	0	0	0	0	0	0	0
Rhodopirellula	0	0	0	0	0	0	0	0	0	0	2	1	1	2	3	1	0	0	0	0	0	0	0	0	0	0	0	0	0	0	0	0	0	0
Lechevalieria	0	0	0	0	0	0	1	0	0	0	0	0	1	3	2	2	0	0	0	0	0	0	0	0	0	0	0	0	0	0	0	0	0	0
Ruminococcus	2	10	6	0	0	0	0	0	0	0	0	0	0	1	1	0	0	0	0	0	0	0	0	0	0	0	0	0	0	0	0	0	0	0
Cedecea	0	1	0	0	0	0	0	0	0	0	0	0	0	0	0	0	0	0	0	0	0	0	0	0	0	0	0	1	0	0	0	0	0	0
Dokdonella	0	0	0	0	0	0	0	0	0	0	0	0	0	4	3	2	0	0	0	0	0	0	0	0	0	0	0	0	0	0	0	0	0	0
Shinella	0	0	0	0	0	0	0	0	0	0	0	0	0	2	1	1	0	0	0	0	0	0	0	0	0	0	0	0	0	0	0	0	0	0
Conexibacter	0	0	0	0	0	0	0	0	0	0	0	0	0	5	4	1	0	0	0	0	0	0	0	0	0	0	0	0	0	0	0	0	0	0
Chromobacterium	0	0	0	0	0	0	0	0	0	0	1	1	1	3	3	2	0	0	0	0	0	0	0	0	0	0	1	1	0	0	0	0	0	0
Nitrosococcus	0	0	0	0	0	0	0	0	0	0	0	0	0	3	8	6	0	0	0	0	0	0	0	0	0	0	0	1	0	0	0	0	0	0
Altererythrobacter	0	0	0	0	0	0	0	0	0	0	0	0	0	6	5	3	0	0	0	0	0	0	0	0	0	0	0	0	0	0	0	0	0	0
Subtercola	0	0	0	0	0	0	1	0	0	0	1	1	1	1	1	1	0	0	0	0	0	0	0	0	0	0	0	0	0	0	0	0	0	0
Roseivivax	0	0	0	0	0	0	0	0	0	0	1	1	1	2	3	1	0	0	0	0	0	0	0	0	0	0	0	0	0	0	0	0	0	0
Kosakonia	0	1	1	0	1	0	0	0	0	0	0	0	0	0	0	0	0	0	0	0	0	0	0	0	0	0	0	0	0	0	0	0	0	0
Phenylobacterium	3	0	0	0	0	0	0	0	0	0	0	0	0	3	2	2	0	0	0	0	0	0	0	0	0	0	0	0	0	0	0	0	0	0
Inquilinus	0	0	0	0	0	0	0	0	0	0	0	0	0	15	2	1	0	0	0	0	0	0	0	0	0	0	0	0	0	0	0	0	0	0
Jannaschia	0	0	0	0	0	0	0	0	0	0	1	1	0	2	3	1	0	0	0	0	0	0	0	0	0	0	0	0	0	0	0	0	0	0
Patulibacter	0	0	0	0	0	0	0	0	0	0	0	0	0	3	3	1	0	0	0	0	0	0	0	0	0	0	0	0	0	0	0	0	0	0
Maribacter	0	0	0	0	0	0	0	0	0	0	3	1	1	1	2	1	0	0	0	0	0	0	0	0	0	1	3	2	0	0	0	0	0	0
Labedella	0	0	0	0	0	0	1	0	0	1	1	1	1	1	1	1	0	0	0	0	0	0	0	0	0	0	0	0	0	0	0	0	0	0
Mycolicibacillus	0	0	0	0	0	0	0	0	0	0	0	0	1	1	1	1	0	0	0	0	0	0	0	0	0	0	0	0	0	0	0	0	0	0
Afipia	0	0	0	0	0	0	0	0	0	0	0	0	1	4	2	1	0	0	0	0	0	0	0	0	0	0	0	0	0	0	0	0	0	0
Alloactinosynnema	0	0	0	0	0	0	1	0	0	0	0	0	1	3	2	2	0	0	0	0	0	0	0	0	0	0	0	0	0	0	0	0	0	0
Kineococcus	0	0	0	0	0	0	1	0	0	0	0	1	1	1	1	1	0	0	0	0	0	0	0	0	0	0	0	0	0	0	0	0	0	0
Thermomonas	0	0	0	0	0	0	0	0	0	0	0	0	0	2	2	2	0	0	0	0	0	0	0	0	0	0	0	0	0	0	0	0	0	0
Candidimonas	0	0	0	0	0	0	0	0	0	0	1	0	0	5	12	1	0	0	0	0	0	0	0	0	0	0	0	0	0	0	0	0	0	0
Auritidibacter	0	0	0	0	0	0	0	0	0	0	1	2	1	0	0	0	0	0	0	0	0	0	0	0	0	0	0	0	0	0	1	0	1	1
Castellaniella	0	0	0	0	0	0	0	0	0	0	1	0	1	3	11	1	0	0	0	0	0	0	0	0	0	0	0	1	0	0	0	0	0	0
Asanoa	0	0	0	0	0	0	0	0	0	0	0	0	1	2	2	1	0	0	0	0	0	0	0	0	0	0	0	0	0	0	0	0	0	0
Actinopolymorpha	0	0	0	0	0	0	0	0	0	0	0	0	1	2	1	1	0	0	0	0	0	0	0	0	0	0	0	0	0	0	0	0	0	0
Methylophaga	0	0	0	0	0	0	0	0	0	0	1	0	3	0	1	1	0	0	0	0	0	0	0	0	0	0	1	1	0	0	0	0	0	0
Tabrizicola	0	0	0	0	0	0	0	0	0	0	0	0	0	1	1	1	0	0	0	0	0	0	0	0	0	0	0	0	0	0	0	0	0	0
Alcaligenes	0	0	0	0	0	0	0	0	0	0	1	0	0	5	6	1	0	0	0	0	0	0	0	0	0	0	0	0	0	0	0	0	0	0
Polaribacter	0	0	0	0	0	0	0	0	0	0	2	1	1	0	1	0	0	0	0	0	0	0	0	0	0	2	4	3	0	0	0	0	0	0
Winogradskyella	0	0	0	0	0	0	0	0	0	0	3	1	1	0	1	0	0	0	0	0	0	0	0	0	0	2	4	3	0	0	0	0	0	0
Kribbia	0	0	0	0	0	0	0	0	0	0	0	0	0	0	1	0	0	0	0	0	0	0	0	0	0	0	0	0	0	0	0	0	0	0
Piscinibacter	0	0	0	0	0	0	0	0	0	0	0	0	0	2	1	1	0	0	0	0	0	0	0	0	0	0	0	0	0	0	0	0	0	0
Herbiconiux	0	0	0	0	0	0	0	0	0	0	1	1	1	1	1	1	0	0	0	0	0	0	0	0	0	0	0	0	0	0	0	0	0	0
Miniimonas	0	0	0	0	0	0	1	0	0	0	0	1	0	1	1	0	0	0	0	0	0	0	0	0	0	0	0	0	0	0	0	0	0	0
Pseudorhodoferax	0	0	0	0	0	0	0	0	0	0	0	0	0	2	2	1	0	0	0	0	0	0	0	0	0	0	0	0	0	0	0	0	0	0
Plantactinospora	0	0	0	0	0	0	1	0	0	0	0	0	1	2	2	1	0	0	0	0	0	0	0	0	0	0	0	0	0	0	0	0	0	0
Kineosporia	0	0	0	0	0	0	0	0	0	0	0	0	1	2	2	1	0	0	0	0	0	0	0	0	0	0	0	0	0	0	0	0	0	0
Schaalia	2	2	1	0	0	0	0	1	0	0	0	0	0	0	0	0	0	0	0	0	0	0	0	0	0	0	0	0	0	0	0	0	0	0
Tomitella	0	0	0	0	0	0	0	0	0	0	0	0	6	0	0	1	0	0	0	0	0	0	0	0	0	0	0	0	0	0	0	0	0	0
Branchiibius	0	0	1	0	0	0	0	0	0	0	0	0	0	0	1	0	0	0	0	0	0	0	0	0	0	0	0	0	0	0	0	0	0	0
Delftia	0	0	0	0	0	0	0	0	0	0	0	0	0	1	1	1	0	0	0	0	0	0	0	0	0	0	0	0	0	0	0	0	0	0
Calidifontibacter	0	0	0	0	0	0	0	0	0	0	0	0	0	0	1	0	0	0	0	0	0	0	0	0	0	0	0	0	0	0	0	0	0	0
Sphaerisporangium	0	0	0	0	0	0	0	0	0	0	0	0	0	2	1	1	0	0	0	0	0	0	0	0	0	0	0	0	0	0	0	0	0	0
Aquabacterium	0	0	0	0	0	0	0	0	0	0	0	0	0	1	2	1	0	0	0	0	0	0	0	0	0	0	0	0	0	0	0	0	0	0
Muricauda	0	0	0	0	0	0	0	0	0	0	2	1	1	1	2	1	0	0	0	0	0	0	0	0	0	1	2	1	0	0	0	0	0	0
Aquamicrobium	0	0	0	0	0	0	0	0	0	0	0	0	0	2	1	1	0	0	0	0	0	0	0	0	0	0	0	0	0	0	0	0	0	0
Pelagivirga	0	0	0	0	0	0	0	0	0	0	2	2	1	0	3	0	0	0	0	0	0	0	0	0	0	0	0	0	0	0	0	0	0	0
Pectobacterium	0	2	1	0	0	0	0	0	0	0	0	0	0	1	1	1	0	0	0	0	0	0	0	0	0	0	0	1	0	0	0	0	0	0
Phaeobacter	0	0	0	0	0	0	0	0	0	0	1	1	0	1	2	1	0	0	0	0	0	0	0	0	0	0	0	0	0	0	0	0	0	0
Auraticoccus	0	0	0	0	0	0	0	0	0	0	0	0	0	0	0	0	0	0	0	0	0	0	0	0	0	0	0	0	0	0	0	0	0	0
Thiomonas	0	0	0	0	0	0	0	0	0	0	0	0	1	2	3	2	0	0	0	0	0	0	0	0	0	0	0	0	0	0	0	0	0	0
Nitrosovibrio	0	0	0	0	0	0	0	0	0	0	0	0	0	6	5	1	0	0	0	0	0	0	0	0	0	0	0	0	0	0	0	0	0	0
Glaciibacter	0	0	0	0	0	0	0	0	0	0	1	1	1	5	2	0	0	0	0	0	0	0	0	0	0	0	0	0	0	0	0	0	0	0
Nigerium	0	0	0	0	0	0	0	0	0	0	0	0	0	0	0	0	0	0	0	0	0	0	0	0	0	0	0	0	0	0	0	0	0	0
Homoserinimonas	0	0	0	0	0	0	0	0	0	0	0	1	0	0	5	0	0	0	0	0	0	0	0	0	0	0	0	0	0	0	0	0	0	0
Sinobaca	0	0	0	0	0	0	0	0	0	0	0	0	0	0	0	0	0	0	0	0	0	0	0	0	0	0	0	0	0	0	0	0	0	0
Sporosarcina	0	1	0	0	0	0	0	0	0	0	0	0	0	0	0	0	0	0	0	0	0	0	0	0	0	1	1	0	0	0	0	0	1	0
Microcella	0	0	0	0	0	0	0	0	0	0	0	1	1	1	1	0	0	0	0	0	0	0	0	0	0	0	0	0	0	0	0	0	0	0
Oerskovia	0	1	0	0	0	0	0	0	0	0	0	0	0	1	1	1	0	0	0	0	0	0	0	0	0	0	0	0	0	0	0	0	0	0
Cryptosporangium	0	0	0	0	0	0	0	0	0	0	0	0	0	2	1	1	0	0	0	0	0	0	0	0	0	0	0	0	0	0	0	0	0	0
Olsenella	1	0	1	0	0	0	0	0	0	0	0	0	1	1	1	1	0	0	0	0	0	0	0	0	0	0	0	0	0	0	0	0	0	0
Oceanimonas	0	0	0	0	0	0	0	0	0	0	0	1	0	1	1	1	0	0	0	0	0	0	0	0	0	1	2	2	0	0	0	0	0	0
Ectothiorhodospira	0	0	0	0	0	0	0	0	0	0	0	0	1	2	3	2	0	0	0	0	0	0	0	0	0	0	1	1	0	0	0	0	0	0
Labrenzia	0	0	0	0	0	0	0	0	0	0	1	0	0	2	2	2	0	0	0	0	0	0	0	0	0	0	0	0	0	0	0	0	0	0
Thalassospira	0	0	0	0	0	0	0	0	0	0	1	0	1	2	2	1	0	0	0	0	0	0	0	0	0	0	0	1	0	0	0	0	0	0
Dechloromonas	0	0	0	0	0	0	0	0	0	0	0	0	0	1	1	1	0	0	0	0	0	0	0	0	0	0	0	0	0	0	0	0	0	0
Tenacibaculum	0	0	0	0	0	0	0	0	0	0	1	0	1	0	0	0	0	0	0	0	0	0	0	0	0	2	3	2	0	0	0	0	0	0
Granulicoccus	0	0	0	0	0	0	0	0	0	0	0	0	0	0	0	0	0	0	0	0	0	0	0	0	0	0	0	0	0	0	0	0	0	0
Loktanella	0	0	0	0	0	0	0	0	0	0	1	1	0	1	2	0	0	0	0	0	0	0	0	0	0	0	0	0	0	0	0	0	0	0
Gracilibacillus	0	0	0	0	0	0	0	0	0	0	0	0	0	0	0	0	0	0	0	0	0	0	0	0	0	0	0	0	0	0	0	0	1	0
Actinosynnema	0	0	0	0	0	0	1	0	0	0	0	0	0	2	1	1	0	0	0	0	0	0	0	0	0	0	0	0	0	0	0	0	0	0
Leisingera	0	0	0	0	0	0	0	0	0	0	1	1	0	1	2	1	0	0	0	0	0	0	0	0	0	0	0	0	0	0	0	0	0	0
Salipiger	0	0	0	0	0	0	0	0	0	0	0	0	0	1	2	1	0	0	0	0	0	0	0	0	0	0	0	0	0	0	0	0	0	0
Celeribacter	0	0	0	0	0	0	0	0	0	0	1	1	0	1	2	1	0	0	0	0	0	0	0	0	0	0	0	0	0	0	0	0	0	0
Sciscionella	0	0	0	0	0	0	0	0	0	0	0	1	1	1	1	2	0	0	0	0	0	0	0	0	0	0	0	0	0	0	0	0	1	0
Neorhizobium	0	0	0	0	0	0	0	0	0	0	0	0	0	3	2	1	0	0	0	0	0	0	0	0	0	0	0	0	0	0	0	0	0	0
Demetria	0	0	0	0	0	0	0	0	0	0	0	0	0	0	0	0	0	0	0	0	0	0	0	0	0	0	0	0	0	0	0	0	0	0
Megasphaera	0	3	2	0	0	0	0	0	0	0	0	0	0	0	0	0	0	0	0	0	0	0	0	0	0	0	0	0	0	0	0	0	0	0
Magnetospirillum	0	0	0	0	0	0	0	0	0	0	0	0	1	2	2	2	0	0	0	0	0	0	0	0	0	0	0	0	0	0	0	0	0	0
Pimelobacter	0	0	0	0	0	0	0	0	0	0	0	0	0	1	1	0	0	0	0	0	0	0	0	0	0	0	0	0	0	0	0	0	0	0
Verrucosispora	0	0	0	0	0	0	0	0	0	0	0	0	0	1	1	1	0	0	0	0	0	0	0	0	0	0	0	0	0	0	0	0	0	0
Rhodoplanes	0	0	0	0	0	0	0	0	0	0	0	0	0	3	2	1	0	0	0	0	0	0	0	0	0	0	0	0	0	0	0	0	0	0
Spiribacter	0	0	0	0	0	0	0	0	0	0	0	0	1	3	3	3	0	0	0	0	0	0	0	0	0	0	0	0	0	0	0	0	0	0
Xylophilus	0	0	0	0	0	0	0	0	0	0	0	0	0	1	1	0	0	0	0	0	0	0	0	0	0	0	0	0	0	0	0	0	0	0
Mizugakiibacter	0	0	0	0	0	0	0	0	0	0	0	0	0	3	2	2	0	0	0	0	0	0	0	0	0	0	0	0	0	0	0	0	0	0
Gryllotalpicola	0	0	0	0	0	0	0	0	0	0	0	0	0	1	1	1	0	0	0	0	0	0	0	0	0	0	0	0	0	0	0	0	0	0
Actinocorallia	0	0	0	0	0	0	1	0	0	0	0	0	0	1	1	1	0	0	0	0	0	0	0	0	0	0	0	0	0	0	0	0	0	0
Pararhodobacter	0	0	0	0	0	0	0	0	0	0	0	1	0	1	1	0	0	0	0	0	0	0	0	0	0	0	0	0	0	0	0	0	0	0
Klenkia	0	0	0	0	0	0	0	0	0	0	0	0	0	1	1	1	0	0	0	0	0	0	0	0	0	0	0	0	0	0	0	0	0	0
Collinsella	1	1	1	0	0	0	0	0	0	0	0	1	0	1	1	1	0	0	0	0	0	0	0	0	0	0	0	0	0	0	0	0	0	0
Porphyrobacter	0	0	0	0	0	0	0	0	0	0	0	0	0	2	3	1	0	0	0	0	0	0	0	0	0	0	0	0	0	0	0	0	0	0
Oceanicola	0	0	0	0	0	0	0	0	0	0	0	0	0	2	2	1	0	0	0	0	0	0	0	0	0	0	0	0	0	0	0	0	0	0
Microtetraspora	0	0	0	0	0	0	1	0	0	0	0	0	0	1	1	1	0	0	0	0	0	0	0	0	0	0	0	0	0	0	0	0	0	0
Antricoccus	0	0	0	0	0	0	0	0	0	0	0	0	1	1	1	4	0	0	0	0	0	0	0	0	0	0	0	0	0	0	0	0	0	0
Raineyella	0	0	0	0	0	0	0	0	0	0	0	0	0	0	0	0	0	0	0	0	0	0	0	0	0	0	0	0	0	0	0	0	0	0
Alteromonas	1	0	0	0	0	0	0	0	0	0	1	0	0	1	1	1	0	0	0	0	0	0	0	0	0	1	1	1	0	0	0	0	0	0
Pleomorphomonas	0	0	0	0	0	0	0	0	0	0	0	0	0	2	2	1	0	0	0	0	0	0	0	0	0	0	0	0	0	0	0	0	0	0
Ottowia	0	0	0	0	0	0	0	0	0	0	0	0	0	1	1	1	0	0	0	0	0	0	0	0	0	0	0	0	0	0	0	0	0	0
Mucilaginibacter	0	0	0	0	0	0	0	0	0	0	1	0	0	2	2	1	0	0	0	0	0	0	0	0	0	0	0	0	0	0	0	0	0	0
Haloactinobacterium	0	0	0	0	0	0	1	1	0	0	0	1	1	0	0	0	0	0	0	0	0	0	0	0	0	0	0	0	0	0	0	0	0	0
Alicycliphilus	0	0	0	0	0	0	0	0	0	0	0	0	0	0	1	1	0	0	0	0	0	0	0	0	0	0	0	0	0	0	0	0	0	0
Mesonia	0	0	0	0	0	0	0	0	0	0	1	0	1	0	0	0	0	0	0	0	0	0	0	0	0	3	4	3	0	0	0	0	0	0
Melaminivora	0	0	0	0	0	0	0	0	0	0	0	0	0	1	1	1	0	0	0	0	0	0	0	0	0	0	0	0	0	0	0	0	0	0
Haematobacter	0	0	0	0	0	0	0	0	0	0	0	0	0	1	1	0	0	0	0	0	0	0	0	0	0	0	0	0	0	0	0	0	0	0
Propionicimonas	0	0	0	0	0	0	0	0	0	0	0	0	0	0	0	0	0	0	0	0	0	0	0	0	0	0	0	0	0	0	0	0	0	0
Propionicicella	0	0	0	0	0	0	0	0	0	0	0	0	0	0	0	0	0	0	0	0	0	0	0	0	0	0	0	0	0	0	0	0	0	0
Oenococcus	0	0	0	0	0	0	0	0	0	0	0	0	0	0	0	0	0	0	0	0	0	0	0	0	0	0	0	0	0	0	0	0	0	0
Eubacterium	2	3	3	0	0	0	0	0	0	0	0	0	0	0	0	0	0	0	0	0	0	0	0	0	0	1	1	0	0	0	0	0	0	0
Trabulsiella	0	0	1	0	0	0	0	0	0	0	0	0	0	0	0	0	0	0	0	0	0	0	0	0	0	0	0	0	0	0	0	0	0	0
Marinomonas	0	0	0	0	0	0	0	0	0	0	1	0	0	1	1	1	0	0	0	0	0	0	0	0	0	1	1	2	0	0	0	0	0	0
Acidihalobacter	0	0	0	0	0	0	0	0	0	0	0	0	1	2	3	2	0	0	0	0	0	0	0	0	0	0	0	0	0	0	0	0	0	0
Methylomonas	0	0	0	0	0	0	0	0	0	0	0	0	1	2	3	2	0	0	0	0	0	0	0	0	0	0	0	1	0	0	0	0	0	0
Aurantimonas	0	0	0	0	0	0	0	0	0	0	0	0	0	2	2	1	0	0	0	0	0	0	0	0	0	0	0	0	0	0	0	0	0	0
Yoonia	0	0	0	0	0	0	0	0	0	0	0	0	0	1	1	1	0	0	0	0	0	0	0	0	0	0	0	0	0	0	0	0	0	0
Planctomyces	0	0	0	0	0	0	0	0	0	0	0	0	0	3	2	1	0	0	0	0	0	0	0	0	0	0	0	0	0	0	0	0	0	0
Millisia	0	0	0	0	0	0	1	0	0	0	0	0	0	1	0	0	0	0	0	0	0	0	0	0	0	0	0	0	0	0	0	0	0	0
Pseudochrobactrum	0	0	0	0	0	0	7	0	0	0	0	0	0	0	0	0	0	0	0	0	0	0	0	0	0	0	0	0	0	0	0	0	0	0
Tropicimonas	0	0	0	0	0	0	0	0	0	0	0	0	0	1	2	1	0	0	0	0	0	0	0	0	0	0	0	0	0	0	0	0	0	0
Curvibacter	0	0	0	0	0	0	0	0	0	0	0	0	0	1	1	1	0	0	0	0	0	0	0	0	0	0	0	0	0	0	0	0	0	0
Steroidobacter	0	0	0	0	0	0	0	0	0	0	0	0	1	2	3	1	0	0	0	0	0	0	0	0	0	0	0	0	0	0	0	0	0	0
Metallibacterium	0	0	0	0	0	0	0	0	0	0	0	0	0	2	2	2	0	0	0	0	0	0	0	0	0	0	0	0	0	0	0	0	0	0
Blautia	2	5	6	0	0	0	0	0	0	0	0	0	0	0	0	0	0	0	0	0	0	0	0	0	0	0	0	0	0	0	0	0	0	0
Faecalibacterium	1	2	4	0	0	0	0	0	0	0	0	0	0	1	0	0	0	0	0	0	0	0	0	0	0	0	0	0	0	0	0	0	0	0
Turicibacter	5	4	4	0	0	0	0	0	0	0	0	0	0	0	0	0	0	0	0	0	0	0	0	0	0	0	0	0	0	0	0	0	0	0
Dickeya	0	0	0	0	0	0	0	0	0	0	0	0	0	1	1	1	0	0	0	0	0	0	0	0	0	0	1	1	0	0	0	0	0	0
Morganella	0	0	0	0	0	0	0	0	2	0	0	0	0	0	1	0	0	0	0	0	0	0	0	0	0	0	0	0	0	0	0	0	0	0
Haemophilus	2	3	2	0	0	0	0	0	0	0	0	0	0	0	0	0	0	0	0	0	0	0	0	0	0	0	0	0	0	0	0	0	0	0
Stappia	0	0	0	0	0	0	0	0	0	0	0	0	0	2	2	1	0	0	0	0	0	0	0	0	0	0	0	0	0	0	0	0	0	0
Collimonas	0	0	0	0	0	0	0	0	0	0	0	0	0	2	3	2	0	0	0	0	0	0	0	0	0	0	0	0	0	0	0	0	0	0
Geobacter	0	0	0	0	0	0	0	0	0	0	0	0	0	2	2	1	0	0	0	0	0	0	0	0	0	0	0	0	0	0	0	0	0	0
Spirosoma	0	0	0	0	0	0	0	0	0	0	0	0	0	1	1	1	0	0	0	0	0	0	0	0	0	0	0	0	0	0	0	0	0	0
Zobellella	0	0	0	0	0	0	0	0	0	0	0	0	0	1	1	1	0	0	0	0	0	0	0	0	0	1	1	1	0	0	0	0	0	0
Methyloceanibacter	0	0	0	0	0	0	0	0	0	0	0	0	0	5	1	1	0	0	0	0	0	0	0	0	0	0	0	0	0	0	0	0	0	0
Limimaricola	0	0	0	0	0	0	0	0	0	0	0	0	0	1	2	1	0	0	0	0	0	0	0	0	0	0	0	0	0	0	0	0	0	0
Pigmentiphaga	0	0	0	0	0	0	0	0	0	0	0	0	0	2	3	1	0	0	0	0	0	0	0	0	0	0	0	0	0	0	0	0	0	0
Nevskia	0	0	0	0	0	0	0	0	0	0	0	0	0	2	4	3	0	0	0	0	0	0	0	0	0	0	0	0	0	0	0	0	0	0
Komagataeibacter	0	0	0	0	0	0	0	0	0	0	0	0	0	1	1	1	0	0	0	0	0	0	0	0	0	0	0	0	0	0	0	0	0	0
Mitsuaria	0	0	0	0	0	0	0	0	0	0	0	0	0	1	1	1	0	0	0	0	0	0	0	0	0	0	0	0	0	0	0	0	0	0
Xylanibacterium	0	0	0	0	0	0	0	0	0	0	0	0	0	1	1	0	0	0	0	0	0	0	0	0	0	0	0	0	0	0	0	0	0	0
Allokutzneria	0	0	0	0	0	0	0	0	0	0	0	0	0	2	1	1	0	0	0	0	0	0	0	0	0	0	0	0	0	0	0	0	0	0
Melissococcus	0	0	0	1	0	0	0	0	0	0	0	0	0	0	0	0	0	0	0	0	0	0	0	0	0	0	0	0	1	0	0	0	0	0
Globicatella	1	1	1	0	0	0	0	0	0	0	0	0	0	0	0	0	0	0	0	0	0	0	0	0	0	1	1	0	0	0	0	0	1	1
Salimicrobium	0	0	0	0	0	0	0	0	0	2	0	0	0	0	0	0	0	0	0	0	0	0	0	0	0	0	0	0	0	0	0	0	0	0
Kurthia	0	0	0	1	1	2	0	1	0	0	0	0	0	0	0	0	0	0	0	0	0	0	0	0	0	0	0	0	0	0	0	0	0	0
Atopococcus	0	0	0	0	0	0	0	0	0	0	0	0	0	0	0	0	0	0	0	0	0	0	0	0	0	1	1	0	0	0	0	0	2	1
Tissierella	0	0	0	0	0	0	0	0	0	0	0	0	0	0	0	0	0	0	0	0	0	0	0	0	0	1	0	0	0	0	0	0	0	1
Euzebya	0	0	0	0	0	0	0	0	0	0	0	0	0	1	1	1	0	0	0	0	0	0	0	0	0	0	0	0	0	0	0	0	0	0
Synechococcus	0	0	0	0	0	0	0	0	0	0	0	0	0	2	2	1	0	0	0	0	0	0	0	0	0	0	1	1	0	0	0	0	0	0
Roseobacter	0	0	0	0	0	0	0	0	0	0	0	0	0	1	1	1	0	0	0	0	0	0	0	0	0	0	0	0	0	0	0	0	0	0
Algoriphagus	0	0	0	0	0	0	0	0	0	0	1	0	0	1	1	1	0	0	0	0	0	0	0	0	0	0	1	1	0	0	0	0	0	0
Thiocapsa	0	0	0	0	0	0	0	0	0	0	0	0	0	2	2	2	0	0	0	0	0	0	0	0	0	0	0	0	0	0	0	0	0	0
Pseudacidovorax	0	0	0	0	0	0	0	0	0	0	0	0	0	1	1	1	0	0	0	0	0	0	0	0	0	0	0	0	0	0	0	0	0	0
Methyloversatilis	0	0	0	0	0	0	0	0	0	0	0	0	0	2	2	1	0	0	0	0	0	0	0	0	0	0	0	0	0	0	0	0	0	0
Singulisphaera	0	0	0	0	0	0	0	0	0	0	0	0	0	5	2	0	0	0	0	0	0	0	0	0	0	0	0	0	0	0	0	0	0	0
Ramlibacter	0	0	0	0	0	0	0	0	0	0	0	0	0	1	1	0	0	0	0	0	0	0	0	0	0	0	0	0	0	0	0	0	0	0
Jatrophihabitans	0	0	0	0	0	0	0	0	0	0	0	0	0	1	1	1	0	0	0	0	0	0	0	0	0	0	0	0	0	0	0	0	0	0
Quadrisphaera	0	0	0	0	0	0	0	0	0	0	0	0	0	1	1	0	0	0	0	0	0	0	0	0	0	0	0	0	0	0	0	0	0	0
Leptothrix	0	0	0	0	0	0	0	0	0	0	0	0	0	1	1	0	0	0	0	0	0	0	0	0	0	0	0	0	0	0	0	0	0	0
Sinirhodobacter	0	0	0	0	0	0	0	0	0	0	0	0	0	1	1	1	0	0	0	0	0	0	0	0	0	0	0	0	0	0	0	0	0	0
Renibacterium	0	0	0	0	0	0	0	0	0	0	0	0	0	0	0	0	0	0	0	0	0	0	0	0	0	0	0	0	0	0	0	0	0	0
Paraliobacillus	0	0	0	0	0	0	0	0	0	0	0	0	0	0	0	0	0	0	0	0	0	0	0	0	0	1	1	0	0	0	0	0	1	0
Lachnoclostridium	2	2	1	0	0	0	0	1	0	0	0	0	0	0	0	0	0	0	0	0	0	0	0	0	0	0	0	0	0	0	0	0	0	0
Pontibacillus	0	0	0	0	0	0	0	0	0	0	0	0	0	0	0	0	0	0	0	0	0	0	0	0	0	0	0	0	0	0	0	0	0	0
Azotobacter	0	0	0	0	0	0	0	0	0	0	0	0	0	1	2	1	0	0	0	0	0	0	0	0	0	0	0	1	0	0	0	0	0	0
Albimonas	0	0	0	0	0	0	0	0	0	0	0	0	0	1	2	1	0	0	0	0	0	0	0	0	0	0	0	0	0	0	0	0	0	0
Oceanicella	0	0	0	0	0	0	0	0	0	0	0	0	0	1	2	1	0	0	0	0	0	0	0	0	0	0	0	0	0	0	0	0	0	0
Acidithiobacillus	0	0	0	0	0	0	0	0	0	0	0	0	0	2	3	2	0	0	0	0	0	0	0	0	0	0	0	0	0	0	0	0	0	0
Formosa	0	0	0	0	0	0	0	0	0	0	1	0	1	0	0	0	0	0	0	0	0	0	0	0	0	1	1	1	0	0	0	0	0	0
Myroides	0	0	0	0	0	0	0	0	0	0	0	0	0	0	0	0	0	0	0	0	0	0	0	0	0	1	1	1	0	0	0	0	0	0
Parabacteroides	0	1	0	0	0	0	0	0	0	0	0	0	0	0	1	1	0	0	0	0	0	0	0	0	0	0	0	0	0	0	0	0	0	0
Leptospira	0	1	1	0	0	0	0	0	0	0	0	0	0	1	1	0	0	0	0	0	0	0	0	0	0	0	0	0	0	0	0	0	0	0
Streptobacillus	4	4	2	0	0	0	0	1	0	0	0	0	0	0	0	0	0	0	0	0	0	0	0	0	0	0	0	0	0	0	0	0	0	0
Caenispirillum	0	0	0	0	0	0	0	0	0	0	0	0	0	1	1	1	0	0	0	0	0	0	0	0	0	0	0	0	0	0	0	0	0	0
Rivibacter	0	0	0	0	0	0	0	0	0	0	0	0	0	1	1	0	0	0	0	0	0	0	0	0	0	0	0	0	0	0	0	0	0	0
Myxococcus	0	0	0	0	0	0	0	0	0	0	0	0	0	2	1	1	0	0	0	0	0	0	0	0	0	0	0	0	0	0	0	0	0	0
Xanthobacter	0	0	0	0	0	0	0	0	0	0	0	0	0	2	1	1	0	0	0	0	0	0	0	0	0	0	0	0	0	0	0	0	0	0
Acuticoccus	0	0	0	0	0	0	0	0	0	0	0	0	0	2	1	1	0	0	0	0	0	0	0	0	0	0	0	0	0	0	0	0	0	0
Thiobacillus	0	0	0	0	0	0	0	0	0	0	0	0	0	2	2	1	0	0	0	0	0	0	0	0	0	0	0	0	0	0	0	0	0	0
Paludisphaera	0	0	0	0	0	0	0	0	0	0	0	0	0	2	3	0	0	0	0	0	0	0	0	0	0	0	0	0	0	0	0	0	0	0
Phytoactinopolyspora	0	0	0	0	0	0	0	0	0	0	0	1	0	1	0	1	0	0	0	0	0	0	0	0	0	0	0	0	0	0	0	0	0	0
Mycoplasma	0	1	1	0	0	0	0	0	0	0	0	0	0	0	0	1	0	0	0	0	0	0	0	0	0	0	0	0	0	0	0	0	0	0
Providencia	0	0	0	0	0	0	0	0	0	0	1	0	2	0	2	0	0	0	0	0	0	0	0	0	0	0	0	0	0	0	0	0	0	0
Martelella	0	0	0	0	0	0	0	0	0	0	0	0	0	2	1	1	0	0	0	0	0	0	0	0	0	0	0	0	0	0	0	0	0	0
Noviherbaspirillum	0	0	0	0	0	0	0	0	0	0	0	0	0	1	2	1	0	0	0	0	0	0	0	0	0	0	0	0	0	0	0	0	0	0
Anaeromyxobacter	0	0	0	0	0	0	0	0	0	0	0	0	0	1	1	1	0	0	0	0	0	0	0	0	0	0	0	0	0	0	0	0	0	0
Psychroserpens	0	0	0	0	0	0	0	0	0	0	2	0	1	0	0	0	0	0	0	0	0	0	0	0	0	1	1	1	0	0	0	0	0	0
Gramella	0	0	0	0	0	0	0	0	0	0	1	0	1	0	0	0	0	0	0	0	0	0	0	0	0	1	2	2	0	0	0	0	0	0
Austwickia	0	0	0	0	0	0	0	0	0	0	0	0	0	0	0	0	0	0	0	0	0	0	0	0	0	0	0	0	0	0	0	0	0	0
Oceaniglobus	0	0	0	0	0	0	0	0	0	0	1	1	0	0	1	0	0	0	0	0	0	0	0	0	0	0	0	0	0	0	0	0	0	0
Puniceibacterium	0	0	0	0	0	0	0	0	0	0	0	0	0	0	1	0	0	0	0	0	0	0	0	0	0	0	0	0	0	0	0	0	0	0
Sphingosinicella	0	0	0	0	0	0	0	0	0	0	0	0	0	2	1	1	0	0	0	0	0	0	0	0	0	0	0	0	0	0	0	0	0	0
Eoetvoesia	0	0	0	0	0	0	0	0	0	0	0	0	0	2	6	0	0	0	0	0	0	0	0	0	0	0	0	0	0	0	0	0	0	0
Azohydromonas	0	0	0	0	0	0	0	0	0	0	0	0	0	1	1	1	0	0	0	0	0	0	0	0	0	0	0	0	0	0	0	0	0	0
Thermocrispum	0	0	0	0	0	0	0	0	0	0	0	0	0	1	1	1	0	0	0	0	0	0	0	0	0	0	0	0	0	0	0	0	0	0
Actinophytocola	0	0	0	0	0	0	0	0	0	0	0	0	0	2	1	1	0	0	0	0	0	0	0	0	0	0	0	0	0	0	0	0	0	0
Gillisia	0	0	0	0	0	0	0	0	0	0	1	0	1	0	0	0	0	0	0	0	0	0	0	0	0	1	2	2	0	0	0	0	0	0
Lacinutrix	0	0	0	0	0	0	0	0	0	0	1	0	0	0	0	0	0	0	0	0	0	0	0	0	0	1	2	2	0	0	0	0	0	0
Dyadobacter	0	0	0	0	0	0	0	0	0	0	0	0	0	1	1	1	0	0	0	0	0	0	0	0	0	0	0	0	0	0	0	0	0	0
Chelatococcus	0	0	0	0	0	0	0	0	0	0	0	0	0	2	1	1	0	0	0	0	0	0	0	0	0	0	0	0	0	0	0	0	0	0
Jishengella	0	0	0	0	0	0	0	0	0	0	0	0	0	1	1	1	0	0	0	0	0	0	0	0	0	0	0	0	0	0	0	0	0	0
Angustibacter	0	0	0	0	0	0	0	0	0	0	0	0	0	1	1	0	0	0	0	0	0	0	0	0	0	0	0	0	0	0	0	0	0	0
Motilibacter	0	0	0	0	0	0	0	0	0	0	0	0	0	1	1	0	0	0	0	0	0	0	0	0	0	0	0	0	0	0	0	0	0	0
Mumia	0	0	0	0	0	0	0	0	0	0	0	0	0	1	1	1	0	0	0	0	0	0	0	0	0	0	0	0	0	0	0	0	0	0
Dolosigranulum	0	0	0	0	0	0	0	0	0	0	0	0	0	0	0	0	0	0	0	0	0	0	0	0	0	1	0	0	0	0	0	0	1	0
Desemzia	0	0	0	0	0	0	0	0	0	0	0	0	0	0	0	0	0	0	0	0	0	0	0	0	0	0	0	0	0	0	0	0	0	0
Romboutsia	3	3	3	0	0	0	0	0	0	0	0	0	0	0	0	0	0	0	0	0	0	0	0	0	0	0	0	0	0	0	0	0	0	0
Anaerococcus	3	3	1	0	0	0	0	0	0	0	0	0	0	0	0	0	0	0	0	0	0	0	0	0	0	0	0	0	0	0	0	0	0	0
Crossiella	0	0	0	0	0	0	0	0	0	0	0	0	0	1	1	1	0	0	0	0	0	0	0	0	0	0	0	0	0	0	0	0	0	0
Actinocatenispora	0	0	0	0	0	0	0	0	0	0	0	0	0	1	1	1	0	0	0	0	0	0	0	0	0	0	0	0	0	0	0	0	0	0
Ilumatobacter	0	0	0	0	0	0	0	0	0	0	0	0	0	1	1	0	0	0	0	0	0	0	0	0	0	0	0	0	0	0	0	0	0	0
Pluralibacter	0	0	0	0	0	0	0	0	0	0	0	0	0	0	0	0	0	0	0	0	0	0	0	0	0	0	0	0	0	0	0	0	0	0
Franconibacter	0	1	1	0	0	0	0	0	0	0	0	0	0	0	0	0	0	0	0	0	0	0	0	0	0	0	0	0	0	0	0	0	0	0
Rudaea	0	0	0	0	0	0	0	0	0	0	0	0	0	1	1	1	0	0	0	0	0	0	0	0	0	0	0	0	0	0	0	0	0	0
Colwellia	0	0	0	0	0	0	0	0	0	0	1	0	0	0	1	0	0	0	0	0	0	0	0	0	0	0	1	1	0	0	0	0	0	0
Pasteurella	2	3	2	0	0	0	0	1	0	0	0	0	0	0	0	0	0	0	0	0	0	0	0	0	0	0	0	0	0	0	0	0	0	0
Leucothrix	0	0	0	0	0	0	0	0	0	0	0	0	0	0	0	0	0	0	0	0	0	0	0	0	0	0	0	0	0	0	0	0	0	0
Sphingorhabdus	0	0	0	0	0	0	0	0	0	0	0	0	0	1	1	0	0	0	0	0	0	0	0	0	0	0	0	0	0	0	0	0	0	0
Thalassococcus	0	0	0	0	0	0	0	0	0	0	0	0	0	1	1	0	0	0	0	0	0	0	0	0	0	0	0	0	0	0	0	0	0	0
Xenophilus	0	0	0	0	0	0	0	0	0	0	0	0	0	1	1	1	0	0	0	0	0	0	0	0	0	0	0	0	0	0	0	0	0	0
Sphaerotilus	0	0	0	0	0	0	0	0	0	0	0	0	0	1	1	0	0	0	0	0	0	0	0	0	0	0	0	0	0	0	0	0	0	0
Nonlabens	0	0	0	0	0	0	0	0	0	0	1	0	0	0	0	0	0	0	0	0	0	0	0	0	0	1	2	2	0	0	0	0	0	0
Leeuwenhoekiella	0	0	0	0	0	0	0	0	0	0	1	0	1	0	0	0	0	0	0	0	0	0	0	0	0	1	2	1	0	0	0	0	0	0
Alistipes	0	1	1	0	0	0	0	0	0	0	0	0	0	1	1	2	0	0	0	0	0	0	0	0	0	0	0	0	0	0	0	0	0	0
Yuhushiella	0	0	0	0	0	0	0	0	0	0	0	0	0	1	1	1	0	0	0	0	0	0	0	0	0	0	0	0	0	0	0	0	0	0
Methylorubrum	0	0	0	0	0	0	0	0	0	0	0	0	0	1	1	1	0	0	0	0	0	0	0	0	0	0	0	0	0	0	0	0	0	0
Litoreibacter	0	0	0	0	0	0	0	0	0	0	0	0	0	1	1	0	0	0	0	0	0	0	0	0	0	0	0	0	0	0	0	0	0	0
Roseateles	0	0	0	0	0	0	0	0	0	0	0	0	0	1	1	0	0	0	0	0	0	0	0	0	0	0	0	0	0	0	0	0	0	0
Arhodomonas	0	0	0	0	0	0	0	0	0	0	0	0	0	2	2	2	0	0	0	0	0	0	0	0	0	0	0	0	0	0	0	0	0	0
Belnapia	0	0	0	0	0	0	0	0	0	0	0	0	0	1	1	1	0	0	0	0	0	0	0	0	0	0	0	0	0	0	0	0	0	0
Paucibacter	0	0	0	0	0	0	0	0	0	0	0	0	0	1	1	1	0	0	0	0	0	0	0	0	0	0	0	0	0	0	0	0	0	0
Amnibacterium	0	0	0	0	0	0	0	0	0	0	0	0	0	1	1	0	0	0	0	0	0	0	0	0	0	0	0	0	0	0	0	0	0	0
Compostimonas	0	0	0	0	0	0	0	0	0	0	0	0	0	0	0	0	0	0	0	0	0	0	0	0	0	0	0	0	0	0	0	0	0	0
Umezawaea	0	0	0	0	0	0	0	0	0	0	0	0	0	1	1	1	0	0	0	0	0	0	0	0	0	0	0	0	0	0	0	0	0	0
Lutibacter	0	0	0	0	0	0	0	0	0	0	1	0	0	0	0	0	0	0	0	0	0	0	0	0	0	1	2	1	0	0	0	0	0	0
Yangia	0	0	0	0	0	0	0	0	0	0	0	0	0	1	1	1	0	0	0	0	0	0	0	0	0	0	0	0	0	0	0	0	0	0
Dactylosporangium	0	0	0	0	0	0	0	0	0	0	0	0	0	1	1	1	0	0	0	0	0	0	0	0	0	0	0	0	0	0	0	0	0	0
Gaiella	0	0	0	0	0	0	0	0	0	0	0	0	0	2	1	0	0	0	0	0	0	0	0	0	0	0	0	0	0	0	0	0	0	0
Bizionia	0	0	0	0	0	0	0	0	0	0	1	0	0	0	1	0	0	0	0	0	0	0	0	0	0	1	1	1	0	0	0	0	0	0
Stackebrandtia	0	0	0	0	0	0	0	0	0	0	0	0	0	2	5	0	0	0	0	0	0	0	0	0	0	0	0	0	0	0	0	0	0	0
Fulvimonas	0	0	0	0	0	0	0	0	0	0	0	0	0	1	1	1	0	0	0	0	0	0	0	0	0	0	0	0	0	0	0	0	0	0
Thermobifida	0	0	0	0	0	0	0	0	0	0	0	0	0	1	1	1	0	0	0	0	0	0	0	0	0	0	0	0	0	0	0	0	0	0
Catenuloplanes	0	0	0	0	0	0	0	0	0	0	0	0	0	1	1	1	0	0	0	0	0	0	0	0	0	0	0	0	0	0	0	0	0	0
Sporichthya	0	0	0	0	0	0	0	0	0	0	0	0	0	1	1	0	0	0	0	0	0	0	0	0	0	0	0	0	0	0	0	0	0	0
Beutenbergia	0	0	0	0	0	0	0	0	0	0	0	0	0	1	0	0	0	0	0	0	0	0	0	0	0	0	0	0	0	0	0	0	0	0
Herbihabitans	0	0	0	0	0	0	0	0	0	0	0	0	0	1	1	1	0	0	0	0	0	0	0	0	0	0	0	0	0	0	0	0	0	0
Candidatus Microthrix	0	0	0	0	0	0	0	0	0	0	0	0	0	0	1	0	0	0	0	0	0	0	0	0	0	0	0	0	0	0	0	0	0	0
Wenzhouxiangella	0	0	0	0	0	0	0	0	0	0	0	0	0	1	2	2	0	0	0	0	0	0	0	0	0	0	0	0	0	0	0	0	0	0
Dolosicoccus	0	1	1	0	0	0	0	0	0	0	0	0	0	0	0	0	0	0	0	0	0	0	0	0	0	1	1	0	0	0	0	0	1	0
Granulicatella	0	0	0	0	0	0	0	0	0	0	0	0	0	0	0	0	0	0	0	0	0	0	0	0	0	0	0	0	0	0	0	0	0	0
Brevibacillus	0	1	0	0	0	0	0	0	0	0	0	0	0	1	1	1	0	0	0	0	0	0	0	0	0	0	0	0	0	0	0	0	0	0
Cohnella	0	0	0	0	0	0	0	0	0	0	0	0	0	1	1	1	0	0	0	0	0	0	0	0	0	0	0	0	0	0	0	0	0	0
Coprococcus	0	4	4	0	0	0	0	0	0	0	0	0	0	0	0	0	0	0	0	0	0	0	0	0	0	0	0	0	0	0	0	0	0	0
Butyrivibrio	1	1	1	0	0	0	0	0	0	0	0	0	0	0	0	0	0	0	0	0	0	0	0	0	0	0	0	0	0	0	0	0	0	0
Selenomonas	0	0	0	0	0	0	0	0	0	0	0	0	0	1	1	0	0	0	0	0	0	0	0	0	0	0	0	0	0	0	0	0	0	0
Yokenella	0	0	0	0	0	0	0	0	0	0	0	0	0	0	0	0	0	0	0	0	0	0	0	0	0	0	0	0	0	0	0	0	0	0
Blastomonas	0	0	0	0	0	0	0	0	0	0	0	0	0	1	1	1	0	0	0	0	0	0	0	0	0	0	0	0	0	0	0	0	0	0
Hyphomonas	0	0	0	0	0	0	0	0	0	0	0	0	0	1	1	1	0	0	0	0	0	0	0	0	0	0	0	0	0	0	0	0	0	0
Empedobacter	0	0	0	0	0	0	0	2	0	0	0	0	0	0	0	0	0	0	0	0	0	0	0	0	0	0	0	0	0	0	0	0	0	0
Cellulophaga	0	0	0	0	0	0	0	0	0	0	1	0	0	0	0	0	0	0	0	0	0	0	0	0	0	1	1	1	0	0	0	0	0	0
Catenulispora	0	0	0	0	0	0	0	0	0	0	0	0	0	1	1	0	0	0	0	0	0	0	0	0	0	0	0	0	0	0	0	0	0	0
Chelativorans	0	0	0	0	0	0	0	0	0	0	0	0	0	1	1	0	0	0	0	0	0	0	0	0	0	0	0	0	0	0	0	0	0	0
Pannonibacter	0	0	0	0	0	0	0	0	0	0	0	0	0	1	1	1	0	0	0	0	0	0	0	0	0	0	0	0	0	0	0	0	0	0
Methylotenera	0	0	0	0	0	0	0	0	0	0	0	0	0	2	0	0	0	0	0	0	0	0	0	0	0	0	0	0	0	0	0	0	0	0
Hydrocarboniphaga	0	0	0	0	0	0	0	0	0	0	0	0	0	1	2	2	0	0	0	0	0	0	0	0	0	0	0	0	0	0	0	0	0	0
Tardiphaga	0	0	0	0	0	0	0	0	0	0	0	0	0	1	1	1	0	0	0	0	0	0	0	0	0	0	0	0	0	0	0	0	0	0
Rhodomicrobium	0	0	0	0	0	0	0	0	0	0	0	0	0	2	1	1	0	0	0	0	0	0	0	0	0	0	0	0	0	0	0	0	0	0
Labrys	0	0	0	0	0	0	0	0	0	0	0	0	0	1	1	1	0	0	0	0	0	0	0	0	0	0	0	0	0	0	0	0	0	0
Chitinimonas	0	0	0	0	0	0	0	0	0	0	0	0	0	1	1	1	0	0	0	0	0	0	0	0	0	0	0	0	0	0	0	0	0	0
Aquincola	0	0	0	0	0	0	0	0	0	0	0	0	0	1	0	0	0	0	0	0	0	0	0	0	0	0	0	0	0	0	0	0	0	0
Meiothermus	0	0	0	0	0	0	0	0	0	0	0	0	0	2	1	1	0	0	0	0	0	0	0	0	0	0	0	0	0	0	0	0	0	0
Tistlia	0	0	0	0	0	0	0	0	0	0	0	0	0	1	1	1	0	0	0	0	0	0	0	0	0	0	0	0	0	0	0	0	0	0
Oceanibaculum	0	0	0	0	0	0	0	0	0	0	0	0	0	2	1	1	0	0	0	0	0	0	0	0	0	0	0	0	0	0	0	0	0	0
Sediminibacillus	0	0	0	0	0	0	0	0	0	0	0	0	0	0	0	0	0	0	0	0	0	0	0	0	0	0	0	0	0	0	0	0	0	0
Haloactinopolyspora	0	0	0	0	0	0	0	0	0	0	0	0	0	1	1	0	0	0	0	0	0	0	0	0	0	0	0	0	0	0	0	0	0	0
Aliihoeflea	0	0	0	0	0	0	0	0	0	0	0	0	0	1	1	0	0	0	0	0	0	0	0	0	0	0	0	0	0	0	0	0	0	0
Aestuariimicrobium	0	0	0	0	0	0	0	0	0	0	0	0	0	0	0	0	0	0	0	0	0	0	0	0	0	0	0	0	0	0	0	0	0	0
Pseudofulvimonas	0	0	0	0	0	0	0	0	0	0	0	0	0	1	1	1	0	0	0	0	0	0	0	0	0	0	0	0	0	0	0	0	0	0
Propionispira	0	0	0	0	0	0	0	0	0	0	0	0	0	0	0	0	0	0	0	0	0	0	0	0	0	0	0	0	0	0	0	0	0	0
Catellatospora	0	0	0	0	0	0	0	0	0	0	0	0	0	1	1	0	0	0	0	0	0	0	0	0	0	0	0	0	0	0	0	0	0	0
Vulcaniibacterium	0	0	0	0	0	0	0	0	0	0	0	0	0	1	1	0	0	0	0	0	0	0	0	0	0	0	0	0	0	0	0	0	0	0
Microvirgula	0	0	0	0	0	0	0	0	0	0	0	0	0	0	0	0	0	0	0	0	0	0	0	0	0	0	0	0	0	0	0	0	0	0
Allofustis	0	0	0	0	0	0	0	0	0	0	0	0	0	0	0	0	0	0	0	0	0	0	0	0	0	0	0	0	0	0	0	0	1	0
Psychromicrobium	0	0	0	0	0	0	0	0	0	0	0	0	0	0	0	0	0	0	0	0	0	0	0	0	0	0	0	0	0	0	0	0	0	0
Acholeplasma	0	0	0	0	0	0	0	0	0	0	0	0	0	0	0	0	0	0	0	0	0	0	0	0	0	0	0	0	0	0	0	0	0	0
Methylobacter	0	0	0	0	0	0	0	0	0	0	0	0	0	1	1	1	0	0	0	0	0	0	0	0	0	0	0	0	0	0	0	0	0	0
Pseudolabrys	0	0	0	0	0	0	0	0	0	0	0	0	0	1	1	1	0	0	0	0	0	0	0	0	0	0	0	0	0	0	0	0	0	0
Croceicoccus	0	0	0	0	0	0	0	0	0	0	0	0	0	1	1	1	0	0	0	0	0	0	0	0	0	0	0	0	0	0	0	0	0	0
Asticcacaulis	0	0	0	0	0	0	0	0	0	0	0	0	0	1	1	1	0	0	0	0	0	0	0	0	0	0	0	0	0	0	0	0	0	0
Polynucleobacter	0	0	0	0	0	0	0	0	0	0	0	0	0	1	1	0	0	0	0	0	0	0	0	0	0	0	0	0	0	0	0	0	0	0
Chondromyces	0	0	0	0	0	0	0	0	0	0	0	0	0	1	1	0	0	0	0	0	0	0	0	0	0	0	0	0	0	0	0	0	0	0
Enhygromyxa	0	0	0	0	0	0	0	0	0	0	0	0	0	1	1	0	0	0	0	0	0	0	0	0	0	0	0	0	0	0	0	0	0	0
Elizabethkingia	0	0	0	0	0	0	0	0	0	0	0	0	0	0	0	0	0	0	0	0	0	0	0	0	0	0	0	0	0	0	0	0	0	0
Algibacter	0	0	0	0	0	0	0	0	0	0	1	0	0	0	0	0	0	0	0	0	0	0	0	0	0	1	1	1	0	0	0	0	0	0
Blastopirellula	0	0	0	0	0	0	0	0	0	0	0	0	0	2	1	0	0	0	0	0	0	0	0	0	0	0	0	0	0	0	0	0	0	0
Brachyspira	2	1	2	0	0	0	0	1	0	0	0	0	0	0	0	0	0	0	0	0	0	0	0	0	0	0	0	0	0	0	0	0	0	0
Fusobacterium	1	1	0	0	0	0	0	0	0	0	0	0	0	0	0	1	0	0	0	0	0	0	0	0	0	0	0	0	0	0	0	0	0	0
Murinocardiopsis	0	0	0	0	0	0	0	0	0	0	0	0	0	1	0	0	0	0	0	0	0	0	0	0	0	0	0	0	0	0	0	0	0	0
Streptoalloteichus	0	0	0	0	0	0	0	0	0	0	0	0	0	1	0	1	0	0	0	0	0	0	0	0	0	0	0	0	0	0	0	0	0	0
Methylosinus	0	0	0	0	0	0	0	0	0	0	0	0	0	2	1	0	0	0	0	0	0	0	0	0	0	0	0	0	0	0	0	0	0	0
Methylopila	0	0	0	0	0	0	0	0	0	0	0	0	0	1	1	0	0	0	0	0	0	0	0	0	0	0	0	0	0	0	0	0	0	0
Maritimibacter	0	0	0	0	0	0	0	0	0	0	0	0	0	1	1	0	0	0	0	0	0	0	0	0	0	0	0	0	0	0	0	0	0	0
Sandaracinus	0	0	1	0	0	0	0	0	0	0	0	0	0	1	1	0	0	0	0	0	0	0	0	0	0	0	0	0	0	0	0	0	0	0
Gemmata	0	0	0	0	0	0	0	0	0	0	0	0	0	2	1	0	0	0	0	0	0	0	0	0	0	0	0	0	0	0	0	0	0	0
Verminephrobacter	0	0	0	0	0	0	0	0	0	0	0	0	0	1	1	0	0	0	0	0	0	0	0	0	0	0	0	0	0	0	0	0	0	0
Nannocystis	0	0	0	0	0	0	0	0	0	0	0	0	0	1	1	0	0	0	0	0	0	0	0	0	0	0	0	0	0	0	0	0	0	0
Actinotalea	0	0	0	0	0	0	0	0	0	0	0	0	0	0	1	0	0	0	0	0	0	0	0	0	0	0	0	0	0	0	0	0	0	0
Cutibacterium	0	0	0	0	0	0	0	0	0	0	0	0	0	0	0	0	0	0	0	0	0	0	0	0	0	0	0	0	0	0	0	0	0	0
Acidiphilium	0	0	0	0	0	0	0	0	0	0	0	0	0	1	1	1	0	0	0	0	0	0	0	0	0	0	0	0	0	0	0	0	0	0
Marinimicrobium	0	0	0	0	0	0	0	0	0	0	0	0	0	1	1	1	0	0	0	0	0	0	0	0	0	0	1	1	0	0	0	0	0	0
Bradymonas	0	0	0	0	0	0	0	0	0	0	0	0	1	0	2	0	0	0	0	0	0	0	0	0	0	0	0	0	0	0	0	0	0	0
Thermoactinospora	0	0	0	0	0	0	0	0	0	0	0	0	0	1	1	1	0	0	0	0	0	0	0	0	0	0	0	0	0	0	0	0	0	0
Actinospica	0	0	0	0	0	0	0	0	0	0	0	0	0	1	1	0	0	0	0	0	0	0	0	0	0	0	0	0	0	0	0	0	0	0
Pseudosporangium	0	0	0	0	0	0	0	0	0	0	0	0	0	1	1	0	0	0	0	0	0	0	0	0	0	0	0	0	0	0	0	0	0	0
Hamadaea	0	0	0	0	0	0	0	0	0	0	0	0	0	1	1	0	0	0	0	0	0	0	0	0	0	0	0	0	0	0	0	0	0	0
Alicyclobacillus	0	0	0	0	0	0	0	0	0	0	0	0	0	1	1	1	0	0	0	0	0	0	0	0	0	0	0	0	0	0	0	0	0	0
Halolactibacillus	0	0	0	0	0	0	0	0	0	0	0	0	0	0	0	0	0	0	0	0	0	0	0	0	0	1	1	0	0	0	0	0	1	0
Sarcina	2	2	2	0	0	0	0	0	0	0	0	0	0	0	0	0	0	0	0	0	0	0	0	0	0	0	0	0	0	0	0	0	0	0
Holdemanella	0	2	4	0	0	0	0	0	0	0	0	0	0	0	0	0	0	0	0	0	0	0	0	0	0	0	0	0	0	0	0	0	0	0
Krasilnikoviella	0	0	0	0	0	0	0	0	0	0	0	0	0	0	0	0	0	0	0	0	0	0	0	0	0	0	0	0	0	0	0	0	0	0
Allonocardiopsis	0	0	0	0	0	0	0	0	0	0	0	0	0	1	0	0	0	0	0	0	0	0	0	0	0	0	0	0	0	0	0	0	0	0
Nostoc	0	0	0	0	0	0	0	0	0	0	0	0	0	1	1	1	0	0	0	0	0	0	0	0	0	0	0	0	0	0	0	0	0	0
Xenorhabdus	0	0	0	0	0	0	0	0	0	0	0	0	0	1	1	1	0	0	0	0	0	0	0	0	0	0	0	1	0	0	0	0	0	0
Ferrimonas	0	0	0	0	0	0	0	0	0	0	0	0	0	1	1	1	0	0	0	0	0	0	0	0	0	0	0	1	0	0	0	0	0	0
Salinivibrio	0	0	0	0	0	0	0	0	0	0	0	0	0	0	0	0	0	0	0	0	0	0	0	0	0	1	1	2	0	0	0	0	0	0
Marinospirillum	0	0	0	0	0	0	0	0	0	0	0	0	0	0	1	0	0	0	0	0	0	0	0	0	0	1	1	1	0	0	0	0	0	0
Cellvibrio	0	0	0	0	0	0	0	0	0	0	0	0	0	0	1	1	0	0	0	0	0	0	0	0	0	0	1	1	0	0	0	0	0	0
Thiohalocapsa	0	0	0	0	0	0	0	0	0	0	0	0	0	1	1	1	0	0	0	0	0	0	0	0	0	0	0	0	0	0	0	0	0	0
Marichromatium	0	0	0	0	0	0	0	0	0	0	0	0	0	1	1	1	0	0	0	0	0	0	0	0	0	0	0	0	0	0	0	0	0	0
Rubellimicrobium	0	0	0	0	0	0	0	0	0	0	0	0	0	1	1	0	0	0	0	0	0	0	0	0	0	0	0	0	0	0	0	0	0	0
Henriciella	0	0	0	0	0	0	0	0	0	0	0	0	0	1	1	1	0	0	0	0	0	0	0	0	0	0	0	0	0	0	0	0	0	0
Skermanella	0	0	0	0	0	0	0	0	0	0	0	0	0	1	1	1	0	0	0	0	0	0	0	0	0	0	0	0	0	0	0	0	0	0
Tistrella	0	0	0	0	0	0	0	0	0	0	0	0	0	1	1	1	0	0	0	0	0	0	0	0	0	0	0	0	0	0	0	0	0	0
Pontibacter	0	0	0	0	0	0	0	0	0	0	0	0	0	1	1	1	0	0	0	0	0	0	0	0	0	0	0	0	0	0	0	0	0	0
Pseudoglutamicibacter	0	0	0	0	0	0	0	0	0	0	0	1	1	0	0	0	0	0	0	0	0	0	0	0	0	0	0	0	0	0	0	0	0	0
Thiodictyon	0	0	0	0	0	0	0	0	0	0	0	0	0	1	1	1	0	0	0	0	0	0	0	0	0	0	0	0	0	0	0	0	0	0
Filomicrobium	0	0	0	0	0	0	0	0	0	0	0	0	0	5	0	1	0	0	0	0	0	0	0	0	0	0	0	0	0	0	0	0	0	0
Halothiobacillus	0	0	0	0	0	0	0	0	0	0	0	0	0	1	1	1	0	0	0	0	0	0	0	0	0	0	0	0	0	0	0	0	0	0
Fulvimarina	0	0	0	0	0	0	0	0	0	0	0	0	0	1	1	1	0	0	0	0	0	0	0	0	0	0	0	0	0	0	0	0	0	0
Afifella	0	0	0	0	0	0	0	0	0	0	0	0	0	1	1	1	0	0	0	0	0	0	0	0	0	0	0	0	0	0	0	0	0	0
Derxia	0	0	0	0	0	0	0	0	0	0	0	0	0	1	1	0	0	0	0	0	0	0	0	0	0	0	0	0	0	0	0	0	0	0
Snodgrassella	0	0	0	0	0	0	0	0	0	0	0	0	0	0	0	0	0	0	0	0	0	0	0	0	0	0	0	0	0	0	0	0	0	0
Aquitalea	0	0	0	0	0	0	0	0	0	0	0	0	0	1	1	1	0	0	0	0	0	0	0	0	0	0	0	1	0	0	0	0	0	0
Azonexus	0	0	0	0	0	0	0	0	0	0	0	0	0	1	1	0	0	0	0	0	0	0	0	0	0	0	0	0	0	0	0	0	0	0
Krasilnikovia	0	0	0	0	0	0	0	0	0	0	0	0	0	1	0	0	0	0	0	0	0	0	0	0	0	0	0	0	0	0	0	0	0	0
Breoghania	0	0	0	0	0	0	0	0	0	0	0	0	0	1	1	1	0	0	0	0	0	0	0	0	0	0	0	0	0	0	0	0	0	0
Zavarzinia	0	0	0	0	0	0	0	0	0	0	0	0	0	1	1	0	0	0	0	0	0	0	0	0	0	0	0	0	0	0	0	0	0	0
Aquimonas	0	0	0	0	0	0	0	0	0	0	0	0	0	1	1	1	0	0	0	0	0	0	0	0	0	0	0	0	0	0	0	0	0	0
Lamprocystis	0	0	0	0	0	0	0	0	0	0	0	0	0	1	1	1	0	0	0	0	0	0	0	0	0	0	0	0	0	0	0	0	0	0
Pararhizobium	0	0	0	0	0	0	0	0	0	0	0	0	0	1	1	0	0	0	0	0	0	0	0	0	0	0	0	0	0	0	0	0	0	0
Hephaestia	0	0	0	0	0	0	0	0	0	0	0	0	0	5	1	0	0	0	0	0	0	0	0	0	0	0	0	0	0	0	0	0	0	0
Thalassobius	0	0	0	0	0	0	0	0	0	0	0	0	0	0	1	0	0	0	0	0	0	0	0	0	0	0	0	0	0	0	0	0	0	0
Humibacter	0	0	0	0	0	0	0	0	0	0	0	0	0	0	0	0	0	0	0	0	0	0	0	0	0	0	0	0	0	0	0	0	0	0
Pseudokineococcus	0	0	0	0	0	0	0	0	0	0	0	0	0	0	0	0	0	0	0	0	0	0	0	0	0	0	0	0	0	0	0	0	0	0
Octadecabacter	0	0	0	0	0	0	0	0	0	0	0	0	0	0	1	0	0	0	0	0	0	0	0	0	0	0	0	0	0	0	0	0	0	0
Eggerthia	2	1	2	0	0	0	0	0	0	0	0	0	0	0	0	0	0	0	0	0	0	0	0	0	0	0	0	0	0	0	0	0	0	0
Peptoniphilus	0	1	1	0	0	0	0	0	0	0	0	0	0	0	0	0	0	0	0	0	0	0	0	0	0	0	0	0	0	0	0	0	0	0
Dermabacter	0	0	0	0	0	0	1	0	0	0	0	1	0	0	0	0	0	0	0	0	0	0	0	0	0	0	0	0	0	0	0	0	0	0
Xylanimonas	0	0	0	0	0	0	0	0	0	0	0	0	0	0	0	0	0	0	0	0	0	0	0	0	0	0	0	0	0	0	0	0	0	0
Flaviflexus	0	0	1	0	0	0	0	0	0	0	0	1	0	0	0	0	0	0	0	0	0	0	0	0	0	0	0	0	0	0	0	0	0	0
Methylomicrobium	0	0	0	0	0	0	0	0	0	0	0	0	0	1	1	1	0	0	0	0	0	0	0	0	0	0	0	0	0	0	0	0	0	0
Prosthecomicrobium	0	0	0	0	0	0	0	0	0	0	0	0	0	1	1	0	0	0	0	0	0	0	0	0	0	0	0	0	0	0	0	0	0	0
Methylocapsa	0	0	0	0	0	0	0	0	0	0	0	0	0	1	1	0	0	0	0	0	0	0	0	0	0	0	0	0	0	0	0	0	0	0
Maribius	0	0	0	0	0	0	0	0	0	0	0	0	0	1	1	0	0	0	0	0	0	0	0	0	0	0	0	0	0	0	0	0	0	0
Rhodospirillum	0	0	0	0	0	0	0	0	0	0	0	0	0	1	1	0	0	0	0	0	0	0	0	0	0	0	0	0	0	0	0	0	0	0
Enhydrobacter	0	0	0	0	0	0	0	0	0	0	0	0	0	1	0	0	0	0	0	0	0	0	0	0	0	0	0	0	0	0	0	0	0	0
Tepidimonas	0	0	0	0	0	0	0	0	0	0	0	0	0	0	1	0	0	0	0	0	0	0	0	0	0	0	0	0	0	0	0	0	0	0
Cystobacter	0	0	0	0	0	0	0	0	0	0	0	0	0	1	1	0	0	0	0	0	0	0	0	0	0	0	0	0	0	0	0	0	0	0
Haliangium	0	0	0	0	0	0	0	0	0	0	0	0	0	1	1	0	0	0	0	0	0	0	0	0	0	0	0	0	0	0	0	0	0	0
Desulfuromonas	0	0	0	0	0	0	0	0	0	0	0	0	0	1	1	1	0	0	0	0	0	0	0	0	0	0	0	0	0	0	0	0	0	0
Porphyromonas	2	2	1	0	0	0	0	0	0	0	0	0	0	0	0	0	0	0	0	0	0	0	0	0	0	0	0	0	0	0	0	0	0	0
Fimbriiglobus	0	1	0	0	0	0	0	0	0	0	0	0	0	1	1	0	0	0	0	0	0	0	0	0	0	0	0	0	0	0	0	0	0	0
Methylocaldum	0	0	0	0	0	0	0	0	0	0	0	0	0	1	1	1	0	0	0	0	0	0	0	0	0	0	0	0	0	0	0	0	0	0
Pseudovibrio	0	0	0	0	0	0	0	0	0	0	0	0	0	1	1	0	0	0	0	0	0	0	0	0	0	0	0	0	0	0	0	0	0	0
Halotalea	0	0	0	0	0	0	0	0	0	0	0	0	0	0	1	1	0	0	0	0	0	0	0	0	0	0	0	1	0	0	0	0	0	0
Saccharospirillum	0	0	0	0	0	0	0	0	0	0	0	0	0	0	1	1	0	0	0	0	0	0	0	0	0	0	0	1	0	0	0	0	0	0
Halofilum	0	0	0	0	0	0	0	0	0	0	0	0	0	1	1	1	0	0	0	0	0	0	0	0	0	0	0	0	0	0	0	0	0	0
Alkalilimnicola	0	0	0	0	0	0	0	0	0	0	0	0	0	1	1	1	0	0	0	0	0	0	0	0	0	0	0	0	0	0	0	0	0	0
Thiohalobacter	0	0	0	0	0	0	0	0	0	0	0	0	0	1	2	1	0	0	0	0	0	0	0	0	0	0	0	0	0	0	0	0	0	0
Polycyclovorans	0	0	0	0	0	0	0	0	0	0	0	0	0	1	1	1	0	0	0	0	0	0	0	0	0	0	0	0	0	0	0	0	0	0
Blastochloris	0	0	0	0	0	0	0	0	0	0	0	0	0	1	1	0	0	0	0	0	0	0	0	0	0	0	0	0	0	0	0	0	0	0
Cohaesibacter	0	0	0	0	0	0	0	0	0	0	0	0	0	1	1	0	0	0	0	0	0	0	0	0	0	0	0	0	0	0	0	0	0	0
Nioella	0	0	0	0	0	0	0	0	0	0	0	0	0	0	1	0	0	0	0	0	0	0	0	0	0	0	0	0	0	0	0	0	0	0
Paenirhodobacter	0	0	0	0	0	0	0	0	0	0	0	0	0	0	0	0	0	0	0	0	0	0	0	0	0	0	0	0	0	0	0	0	0	0
Acidisphaera	0	0	0	0	0	0	0	0	0	0	0	0	0	1	1	0	0	0	0	0	0	0	0	0	0	0	0	0	0	0	0	0	0	0
Elioraea	0	0	0	0	0	0	0	0	0	0	0	0	0	1	1	0	0	0	0	0	0	0	0	0	0	0	0	0	0	0	0	0	0	0
Serpentinomonas	0	0	0	0	0	0	0	0	0	0	0	0	0	0	1	0	0	0	0	0	0	0	0	0	0	0	0	0	0	0	0	0	0	0
Candidatus Accumulibacter	0	0	0	0	0	0	0	0	0	0	0	0	0	0	1	0	0	0	0	0	0	0	0	0	0	0	0	0	0	0	0	0	0	0
Archangium	0	0	0	0	0	0	0	0	0	0	0	0	0	1	1	0	0	0	0	0	0	0	0	0	0	0	0	0	0	0	0	0	0	0
Rhodoblastus	0	0	0	0	0	0	0	0	0	0	0	0	0	1	1	0	0	0	0	0	0	0	0	0	0	0	0	0	0	0	0	0	0	0
Ferruginibacter	0	0	0	0	0	0	0	0	0	0	0	0	0	1	1	0	0	0	0	0	0	0	0	0	0	0	0	0	0	0	0	0	0	0
Salinarimonas	0	0	0	0	0	0	0	0	0	0	0	0	0	1	1	0	0	0	0	0	0	0	0	0	0	0	0	0	0	0	0	0	0	0
Roseiarcus	0	0	0	0	0	0	0	0	0	0	0	0	0	1	1	0	0	0	0	0	0	0	0	0	0	0	0	0	0	0	0	0	0	0
Albidovulum	0	0	0	0	0	0	0	0	0	0	0	0	0	1	1	0	0	0	0	0	0	0	0	0	0	0	0	0	0	0	0	0	0	0
Tranquillimonas	0	0	0	0	0	0	0	0	0	0	0	0	0	1	1	0	0	0	0	0	0	0	0	0	0	0	0	0	0	0	0	0	0	0
Lacticigenium	0	0	0	0	0	0	0	0	0	0	0	0	0	0	0	0	0	0	0	0	0	0	0	0	0	1	1	0	0	0	0	0	0	0
Dehalobacter	0	0	0	0	0	0	0	0	0	0	0	0	0	0	0	0	0	0	0	0	0	0	0	0	0	0	0	0	0	0	0	0	0	0
Xylanimicrobium	0	0	0	0	0	0	0	0	0	0	0	0	0	0	0	0	0	0	0	0	0	0	0	0	0	0	0	0	0	0	0	0	0	0
Mangrovimonas	0	0	0	0	0	0	0	0	0	0	1	0	0	0	0	0	0	0	0	0	0	0	0	0	0	0	1	1	0	0	0	0	0	0
Wenxinia	0	0	0	0	0	0	0	0	0	0	0	0	0	1	1	0	0	0	0	0	0	0	0	0	0	0	0	0	0	0	0	0	0	0
Rhodosalinus	0	0	0	0	0	0	0	0	0	0	0	0	0	1	1	0	0	0	0	0	0	0	0	0	0	0	0	0	0	0	0	0	0	0
Sagittula	0	0	0	0	0	0	0	0	0	0	0	0	0	0	1	0	0	0	0	0	0	0	0	0	0	0	0	0	0	0	0	0	0	0
Planobispora	0	0	0	0	0	0	0	0	0	0	0	0	0	0	0	0	0	0	0	0	0	0	0	0	0	0	0	0	0	0	0	0	0	0
Sinimarinibacterium	0	0	0	0	0	0	0	0	0	0	0	0	0	1	1	1	0	0	0	0	0	0	0	0	0	0	0	0	0	0	0	0	0	0
Salana	0	0	0	0	0	0	0	0	0	0	0	0	0	0	0	0	0	0	0	0	0	0	0	0	0	0	0	0	0	0	0	0	0	0
Acaricomes	0	0	0	0	0	0	0	0	0	0	0	0	0	0	0	0	0	0	0	0	0	0	0	0	0	0	0	0	0	0	0	0	0	0
Longispora	0	0	0	0	0	0	0	0	0	0	0	0	0	0	0	1	0	0	0	0	0	0	0	0	0	0	0	0	0	0	0	0	0	0
Silanimonas	0	0	0	0	0	0	0	0	0	0	0	0	0	1	1	1	0	0	0	0	0	0	0	0	0	0	0	0	0	0	0	0	0	0
Thioalbus	0	0	0	0	0	0	0	0	0	0	0	0	0	1	1	1	0	0	0	0	0	0	0	0	0	0	0	0	0	0	0	0	0	0
Aquisalimonas	0	0	0	0	0	0	0	0	0	0	0	0	0	1	1	1	0	0	0	0	0	0	0	0	0	0	0	0	0	0	0	0	0	0
Marixanthomonas	0	0	0	0	0	0	0	0	0	0	1	0	1	0	0	0	0	0	0	0	0	0	0	0	0	0	1	0	0	0	0	0	0	0
Halobacillus	0	0	0	0	0	0	0	0	0	0	0	0	0	0	0	0	0	0	0	0	0	0	0	0	0	0	0	0	0	0	0	0	0	0
Brochothrix	0	0	0	0	0	0	0	0	0	0	0	0	0	0	0	0	0	0	0	0	0	0	0	0	0	1	1	0	0	0	0	0	0	0
Planomicrobium	0	0	0	0	0	0	0	0	0	0	0	0	0	0	0	0	0	0	0	0	0	0	0	0	0	0	0	0	0	0	0	0	0	0
Gemella	0	0	0	0	0	0	0	0	0	0	0	0	0	0	0	0	0	0	0	0	0	0	0	0	0	0	0	0	0	0	0	0	0	0
Acetobacterium	0	0	0	0	0	0	0	0	0	0	0	0	0	0	0	0	0	0	0	0	0	0	0	0	0	0	0	0	0	0	0	0	0	0
Pelosinus	0	0	0	0	0	0	0	0	0	0	0	0	0	0	0	0	0	0	0	0	0	0	0	0	0	0	0	0	0	0	0	0	0	0
Leptolyngbya	0	0	0	0	0	0	0	0	0	0	0	0	0	1	1	1	0	0	0	0	0	0	0	0	0	0	0	0	0	0	0	0	0	0
Shigella	1	1	1	0	0	0	0	0	0	0	0	0	0	0	0	0	0	0	0	0	0	0	0	0	0	0	0	0	0	0	0	0	0	0
Siccibacter	0	0	0	0	0	0	0	0	0	0	0	0	0	0	0	0	0	0	0	0	0	0	0	0	0	0	0	0	0	0	0	0	0	0
Coxiella	2	1	1	0	0	0	0	0	0	0	0	0	0	0	0	0	0	0	0	0	0	0	0	0	0	0	0	0	0	0	0	0	0	0
Algiphilus	0	0	0	0	0	0	0	0	0	0	0	0	0	1	1	1	0	0	0	0	0	0	0	0	0	0	0	0	0	0	0	0	0	0
Ponticoccus	0	0	0	0	0	0	0	0	0	0	0	0	0	0	1	0	0	0	0	0	0	0	0	0	0	0	0	0	0	0	0	0	0	0
Palleronia	0	0	0	0	0	0	0	0	0	0	0	0	0	0	1	0	0	0	0	0	0	0	0	0	0	0	0	0	0	0	0	0	0	0
Epibacterium	0	0	0	0	0	0	0	0	0	0	0	0	0	0	1	0	0	0	0	0	0	0	0	0	0	0	0	0	0	0	0	0	0	0
Reyranella	0	0	0	0	0	0	0	0	0	0	0	0	0	1	0	0	0	0	0	0	0	0	0	0	0	0	0	0	0	0	0	0	0	0
Oceanibacterium	0	0	0	0	0	0	0	0	0	0	0	0	0	1	1	0	0	0	0	0	0	0	0	0	0	0	0	0	0	0	0	0	0	0
Lampropedia	0	0	0	0	0	0	0	0	0	0	0	0	0	0	1	0	0	0	0	0	0	0	0	0	0	0	0	1	0	0	0	0	0	0
Pseudogulbenkiania	0	0	0	0	0	0	0	0	0	0	0	0	0	1	1	0	0	0	0	0	0	0	0	0	0	0	0	0	0	0	0	0	0	0
Stigmatella	0	0	0	0	0	0	0	0	0	0	0	0	0	1	1	0	0	0	0	0	0	0	0	0	0	0	0	0	0	0	0	0	0	0
Olleya	0	0	0	0	0	0	0	0	0	0	1	0	0	0	0	0	0	0	0	0	0	0	0	0	0	1	1	1	0	0	0	0	0	0
Capnocytophaga	0	0	0	0	0	0	0	0	0	0	1	0	0	0	0	0	0	0	0	0	0	0	0	0	0	0	1	1	0	0	0	0	0	0
Dysgonomonas	0	0	0	0	0	0	0	0	0	0	0	0	0	0	0	0	0	0	0	0	0	0	0	0	0	0	0	0	0	0	0	0	0	0
Rubrivirga	0	0	0	0	0	0	0	0	0	0	0	0	0	1	1	0	0	0	0	0	0	0	0	0	0	0	0	0	0	0	0	0	0	0
Akkermansia	0	2	2	0	0	0	0	0	0	0	0	0	0	0	0	0	0	0	0	0	0	0	0	0	0	0	0	0	0	0	0	0	0	0
Verrucomicrobium	0	0	0	0	0	0	0	0	0	0	0	0	0	1	1	1	0	0	0	0	0	0	0	0	0	0	0	0	0	0	0	0	0	0
Candidatus Sulfopaludibacter	0	0	0	0	0	0	0	0	0	0	0	0	0	1	1	1	0	0	0	0	0	0	0	0	0	0	0	0	0	0	0	0	0	0
Candidatus Promineofilum	0	0	0	0	0	0	0	0	0	0	0	0	0	0	0	0	0	0	0	0	0	0	0	0	0	0	0	0	0	0	0	0	0	0
Halioglobus	0	0	0	0	0	0	0	0	0	0	0	0	0	1	1	1	0	0	0	0	0	0	0	0	0	0	0	0	0	0	0	0	0	0
Roseicitreum	0	0	0	0	0	0	0	0	0	0	0	0	0	0	0	0	0	0	0	0	0	0	0	0	0	0	0	0	0	0	0	0	0	0
Brumimicrobium	0	0	0	0	0	0	0	0	0	0	1	0	0	0	0	0	0	0	0	0	0	0	0	0	0	1	1	1	0	0	0	0	0	0
Allochromatium	0	0	0	0	0	0	0	0	0	0	0	0	0	0	1	1	0	0	0	0	0	0	0	0	0	0	0	0	0	0	0	0	0	0
Methylosarcina	0	0	0	0	0	0	0	0	0	0	0	0	0	1	1	1	0	0	0	0	0	0	0	0	0	0	0	0	0	0	0	0	0	0
Bauldia	0	0	0	0	0	0	0	0	0	0	0	0	0	1	0	0	0	0	0	0	0	0	0	0	0	0	0	0	0	0	0	0	0	0
Sulfuriferula	0	0	0	0	0	0	0	0	0	0	0	0	0	1	1	0	0	0	0	0	0	0	0	0	0	0	0	0	0	0	0	0	0	0
Desulfonatronum	0	0	0	0	0	0	0	0	0	0	0	0	0	1	1	1	0	0	0	0	0	0	0	0	0	0	0	0	0	0	0	0	0	0
Niabella	0	0	0	0	0	0	0	0	0	0	0	0	0	1	1	0	0	0	0	0	0	0	0	0	0	0	0	0	0	0	0	0	0	0
Lewinella	0	0	0	0	0	0	0	0	0	0	0	0	0	1	1	0	0	0	0	0	0	0	0	0	0	0	0	0	0	0	0	0	0	0
Perlucidibaca	0	0	0	0	0	0	0	0	0	0	0	0	0	0	1	1	0	0	0	0	0	0	0	0	0	0	0	0	0	0	0	0	0	0
Halorhodospira	0	0	0	0	0	0	0	0	0	0	0	0	0	1	1	1	0	0	0	0	0	0	0	0	0	0	0	0	0	0	0	0	0	0
Pseudorhodoplanes	0	0	0	0	0	0	0	0	0	0	0	0	0	1	0	0	0	0	0	0	0	0	0	0	0	0	0	0	0	0	0	0	0	0
Lutibaculum	0	0	0	0	0	0	0	0	0	0	0	0	0	1	0	0	0	0	0	0	0	0	0	0	0	0	0	0	0	0	0	0	0	0
Tropicibacter	0	0	0	0	0	0	0	0	0	0	0	0	0	0	1	0	0	0	0	0	0	0	0	0	0	0	0	0	0	0	0	0	0	0
Rhodopila	0	0	0	0	0	0	0	0	0	0	0	0	0	1	1	0	0	0	0	0	0	0	0	0	0	0	0	0	0	0	0	0	0	0
Ulvibacter	0	0	0	0	0	0	0	0	0	0	1	0	0	0	0	0	0	0	0	0	0	0	0	0	0	0	1	0	0	0	0	0	0	0
Opitutus	0	0	0	0	0	0	0	0	0	0	0	0	0	1	1	1	0	0	0	0	0	0	0	0	0	0	0	0	0	0	0	0	0	0
Plasticicumulans	0	0	0	0	0	0	0	0	0	0	0	0	0	1	1	1	0	0	0	0	0	0	0	0	0	0	0	0	0	0	0	0	0	0
Immundisolibacter	0	0	0	0	0	0	0	0	0	0	0	0	0	1	1	1	0	0	0	0	0	0	0	0	0	0	0	0	0	0	0	0	0	0
Macromonas	0	0	0	0	0	0	0	0	0	0	0	0	0	0	0	0	0	0	0	0	0	0	0	0	0	0	0	0	0	0	0	0	0	0
Herminiimonas	0	0	0	0	0	0	0	0	0	0	0	0	0	1	1	0	0	0	0	0	0	0	0	0	0	0	0	0	0	0	0	0	0	0
Methylophilus	0	0	0	0	0	0	0	0	0	0	0	0	0	1	1	0	0	0	0	0	0	0	0	0	0	0	0	0	0	0	0	0	0	0
Beijerinckia	0	0	0	0	0	0	0	0	0	0	0	0	0	1	0	0	0	0	0	0	0	0	0	0	0	0	0	0	0	0	0	0	0	0
Shimia	0	0	0	0	0	0	0	0	0	0	0	0	0	0	1	0	0	0	0	0	0	0	0	0	0	0	0	0	0	0	0	0	0	0
Antarctobacter	0	0	0	0	0	0	0	0	0	0	0	0	0	0	1	0	0	0	0	0	0	0	0	0	0	0	0	0	0	0	0	0	0	0
Phreatobacter	0	0	0	0	0	0	0	0	0	0	0	0	0	1	0	0	0	0	0	0	0	0	0	0	0	0	0	0	0	0	0	0	0	0
Lysinimonas	0	0	0	0	0	0	0	0	0	0	0	0	0	0	0	0	0	0	0	0	0	0	0	0	0	0	0	0	0	0	0	0	0	0
Skermania	0	0	0	0	0	0	0	0	0	0	0	0	0	0	1	0	0	0	0	0	0	0	0	0	0	0	0	0	0	0	0	0	0	0
Zunongwangia	0	0	0	0	0	0	0	0	0	0	0	0	0	0	0	0	0	0	0	0	0	0	0	0	0	0	1	1	0	0	0	0	0	0
Zhengella	0	0	0	0	0	0	0	0	0	0	0	0	0	1	0	0	0	0	0	0	0	0	0	0	0	0	0	0	0	0	0	0	0	0
Hylemonella	0	0	0	0	0	0	0	0	0	0	0	0	0	0	0	0	0	0	0	0	0	0	0	0	0	0	0	0	0	0	0	0	0	0
Aromatoleum	0	0	0	0	0	0	0	0	0	0	0	0	0	0	0	0	0	0	0	0	0	0	0	0	0	0	0	0	0	0	0	0	0	0
Stella	0	0	0	0	0	0	0	0	0	0	0	0	0	1	0	0	0	0	0	0	0	0	0	0	0	0	0	0	0	0	0	0	0	0
Couchioplanes	0	0	0	0	0	0	0	0	0	0	0	0	0	0	0	0	0	0	0	0	0	0	0	0	0	0	0	0	0	0	0	0	0	0
Dongia	0	0	0	0	0	0	0	0	0	0	0	0	0	0	0	2	0	0	0	0	0	0	0	0	0	0	0	0	0	0	0	0	0	0
Haematomicrobium	0	0	0	0	0	0	0	0	0	0	0	0	0	0	0	0	0	0	0	0	0	0	0	0	0	0	0	0	0	0	0	0	0	0
Planomonospora	0	0	0	0	0	0	0	0	0	0	0	0	0	1	0	0	0	0	0	0	0	0	0	0	0	0	0	0	0	0	0	0	0	0
Fontimonas	0	0	0	0	0	0	0	0	0	0	0	0	0	1	1	1	0	0	0	0	0	0	0	0	0	0	0	0	0	0	0	0	0	0
Pelagicola	0	0	0	0	0	0	0	0	0	0	0	0	0	0	1	0	0	0	0	0	0	0	0	0	0	0	0	0	0	0	0	0	0	0
Rubrimonas	0	0	0	0	0	0	0	0	0	0	0	0	0	1	1	0	0	0	0	0	0	0	0	0	0	0	0	0	0	0	0	0	0	0
Minwuia	0	0	0	0	0	0	0	0	0	0	0	0	0	1	0	0	0	0	0	0	0	0	0	0	0	0	0	0	0	0	0	0	0	0
Desulfomicrobium	0	0	0	0	0	0	0	0	0	0	0	0	0	0	1	1	0	0	0	0	0	0	0	0	0	0	0	0	0	0	0	0	0	0
Gemmatirosa	0	0	0	0	0	0	0	0	0	0	0	0	0	1	1	0	0	0	0	0	0	0	0	0	0	0	0	0	0	0	0	0	0	0
Sulfuricella	0	0	0	0	0	0	0	0	0	0	0	0	0	1	1	0	0	0	0	0	0	0	0	0	0	0	0	0	0	0	0	0	0	0
Anoxybacillus	0	0	0	0	0	0	0	0	0	0	0	0	0	0	0	0	0	0	0	0	0	0	0	0	0	0	0	0	0	0	0	0	0	0
Ornithinibacillus	0	0	0	0	0	0	0	0	0	0	0	0	0	0	0	0	0	0	0	0	0	0	0	0	0	0	0	0	0	0	0	0	0	0
Dorea	0	2	1	0	0	0	0	0	0	0	0	0	0	0	0	0	0	0	0	0	0	0	0	0	0	0	0	0	0	0	0	0	0	0
Catenibacterium	0	1	2	0	0	0	0	0	0	0	0	0	0	0	0	0	0	0	0	0	0	0	0	0	0	0	0	0	0	0	0	0	0	0
Veillonella	0	0	0	0	0	0	0	0	0	0	0	0	0	0	0	0	0	0	0	0	0	0	0	0	0	0	0	0	0	0	0	0	0	0
Trueperella	0	0	0	0	0	0	0	0	0	0	0	0	0	0	0	0	0	0	0	0	0	0	0	0	0	0	0	0	0	0	0	0	0	0
Calothrix	0	0	0	0	0	0	0	0	0	0	0	0	0	0	0	0	0	0	0	0	0	0	0	0	0	0	0	0	0	0	0	0	0	0
Sphaerobacter	0	0	0	0	0	0	0	0	0	0	0	0	0	1	1	0	0	0	0	0	0	0	0	0	0	0	0	0	0	0	0	0	0	0
Pseudocitrobacter	0	0	0	0	0	0	0	0	0	0	0	0	0	0	0	0	0	0	0	0	0	0	0	0	0	0	0	0	0	0	0	0	0	0
Metakosakonia	0	0	0	0	0	0	0	0	0	0	0	0	0	0	0	0	0	0	0	0	0	0	0	0	0	0	0	0	0	0	0	0	0	0
Arsenophonus	0	0	0	0	0	0	0	0	3	0	0	0	0	0	0	0	0	0	0	0	0	0	0	0	0	0	0	0	0	0	0	0	0	0
Aliidiomarina	0	0	0	0	0	0	0	0	0	0	0	0	0	0	0	0	0	0	0	0	0	0	0	0	0	0	1	2	0	0	0	0	0	0
Endozoicomonas	0	0	0	0	0	0	0	0	0	0	0	0	0	0	1	0	0	0	0	0	0	0	0	0	0	0	1	1	0	0	0	0	0	0
Gilliamella	0	0	0	0	0	0	0	0	0	0	0	0	0	0	0	0	0	0	0	0	0	0	0	0	0	0	0	0	0	0	0	0	0	0
Sulfurifustis	0	0	0	0	0	0	0	0	0	0	0	0	0	1	1	0	0	0	0	0	0	0	0	0	0	0	0	0	0	0	0	0	0	0
Actibacterium	0	0	0	0	0	0	0	0	0	0	0	0	0	0	1	0	0	0	0	0	0	0	0	0	0	0	0	0	0	0	0	0	0	0
Thalassobaculum	0	0	0	0	0	0	0	0	0	0	0	0	0	1	0	0	0	0	0	0	0	0	0	0	0	0	0	0	0	0	0	0	0	0
Methylobacillus	0	0	0	0	0	0	0	0	0	0	0	0	0	1	1	0	0	0	0	0	0	0	0	0	0	0	0	0	0	0	0	0	0	0
Kordia	0	0	0	0	0	0	0	0	0	0	0	0	0	0	0	0	0	0	0	0	0	0	0	0	0	1	1	1	0	0	0	0	0	0
Niastella	0	0	0	0	0	0	0	0	0	0	0	0	0	1	0	0	0	0	0	0	0	0	0	0	0	0	0	0	0	0	0	0	0	0
Treponema	0	0	0	0	0	0	0	0	0	0	0	0	0	0	0	0	0	0	0	0	0	0	0	0	0	0	0	0	0	0	0	0	0	0
Halanaerobium	0	0	0	0	0	0	0	0	0	0	0	0	0	0	0	0	0	0	0	0	0	0	0	0	0	0	0	0	0	0	0	0	0	0
Thermus	0	0	0	0	0	0	0	0	0	0	0	0	0	1	1	0	0	0	0	0	0	0	0	0	0	0	0	0	0	0	0	0	0	0
Candidatus Thiosymbion	0	0	0	0	0	0	0	0	0	0	0	0	0	1	1	0	0	0	0	0	0	0	0	0	0	0	0	0	0	0	0	0	0	0
Thioflavicoccus	0	0	0	0	0	0	0	0	0	0	0	0	0	1	1	0	0	0	0	0	0	0	0	0	0	0	0	0	0	0	0	0	0	0
Oceanococcus	0	0	0	0	0	0	0	0	0	0	0	0	0	0	1	1	0	0	0	0	0	0	0	0	0	0	0	0	0	0	0	0	0	0
Nitrospirillum	0	0	0	0	0	0	0	0	0	0	0	0	0	1	1	0	0	0	0	0	0	0	0	0	0	0	0	0	0	0	0	0	0	0
Brachymonas	0	0	0	0	0	0	0	0	0	0	0	0	0	0	0	0	0	0	0	0	0	0	0	0	0	0	0	0	0	0	0	0	0	0
Plesiocystis	0	0	0	0	0	0	0	0	0	0	0	0	0	1	0	0	0	0	0	0	0	0	0	0	0	0	0	0	0	0	0	0	0	0
Spirochaeta	0	0	0	0	0	0	0	0	0	0	0	0	0	0	0	0	0	0	0	0	0	0	0	0	0	0	0	0	0	0	0	0	0	0
Hahella	0	0	0	0	0	0	0	0	0	0	0	0	0	0	1	1	0	0	0	0	0	0	0	0	0	0	0	1	0	0	0	0	0	0
Terasakiispira	0	0	0	0	0	0	0	0	0	0	0	0	0	0	0	0	0	0	0	0	0	0	0	0	0	0	1	1	0	0	0	0	0	0
Sulfurivermis	0	0	0	0	0	0	0	0	0	0	0	0	0	1	1	1	0	0	0	0	0	0	0	0	0	0	0	0	0	0	0	0	0	0
Sedimenticola	0	0	0	0	0	0	0	0	0	0	0	0	0	1	1	0	0	0	0	0	0	0	0	0	0	0	0	0	0	0	0	0	0	0
Acidiferrobacter	0	0	0	0	0	0	0	0	0	0	0	0	0	0	1	1	0	0	0	0	0	0	0	0	0	0	0	0	0	0	0	0	0	0
Ancylobacter	0	0	0	0	0	0	0	0	0	0	0	0	0	1	0	0	0	0	0	0	0	0	0	0	0	0	0	0	0	0	0	0	0	0
Marivita	0	0	0	0	0	0	0	0	0	0	0	0	0	0	1	0	0	0	0	0	0	0	0	0	0	0	0	0	0	0	0	0	0	0
Robbsia	0	0	0	0	0	0	0	0	0	0	0	0	0	0	1	0	0	0	0	0	0	0	0	0	0	0	0	0	0	0	0	0	0	0
Diaminobutyricimonas	0	0	0	0	0	0	0	0	0	0	0	0	0	0	0	0	0	0	0	0	0	0	0	0	0	0	0	0	0	0	0	0	0	0
Spongiibacter	0	0	0	0	0	0	0	0	0	0	0	0	0	0	1	1	0	0	0	0	0	0	0	0	0	0	0	0	0	0	0	0	0	0
Oligotropha	0	0	0	0	0	0	0	0	0	0	0	0	0	1	0	0	0	0	0	0	0	0	0	0	0	0	0	0	0	0	0	0	0	0
Methylocella	0	0	0	0	0	0	0	0	0	0	0	0	0	1	0	0	0	0	0	0	0	0	0	0	0	0	0	0	0	0	0	0	0	0
Cereibacter	0	0	0	0	0	0	0	0	0	0	0	0	0	0	0	0	0	0	0	0	0	0	0	0	0	0	0	0	0	0	0	0	0	0
Gluconacetobacter	0	0	0	0	0	0	0	0	0	0	0	0	0	0	0	0	0	0	0	0	0	0	0	0	0	0	0	0	0	0	0	0	0	0
Oryzisolibacter	0	0	0	0	0	0	0	0	0	0	0	0	0	0	0	0	0	0	0	0	0	0	0	0	0	0	0	0	0	0	0	0	0	0
Sulfurospirillum	0	0	0	0	0	0	0	0	0	0	0	0	0	0	0	0	0	0	0	0	0	0	0	0	0	0	0	0	0	0	0	0	0	0
Inmirania	0	0	0	0	0	0	0	0	0	0	0	0	0	1	1	0	0	0	0	0	0	0	0	0	0	0	0	0	0	0	0	0	0	0
Caenimonas	0	0	0	0	0	0	0	0	0	0	0	0	0	0	0	0	0	0	0	0	0	0	0	0	0	0	0	0	0	0	0	0	0	0
Paramesorhizobium	0	0	0	0	0	0	0	0	0	0	0	0	0	1	0	0	0	0	0	0	0	0	0	0	0	0	0	0	0	0	0	0	0	0
Rhodobium	0	0	0	0	0	0	0	0	0	0	0	0	0	1	1	0	0	0	0	0	0	0	0	0	0	0	0	0	0	0	0	0	0	0
Methylovirgula	0	0	0	0	0	0	0	0	0	0	0	0	0	1	0	0	0	0	0	0	0	0	0	0	0	0	0	0	0	0	0	0	0	0
Oleomonas	0	0	0	0	0	0	0	0	0	0	0	0	0	2	0	0	0	0	0	0	0	0	0	0	0	0	0	0	0	0	0	0	0	0
Nitriliruptor	0	0	0	0	0	0	0	0	0	0	0	0	0	1	0	0	0	0	0	0	0	0	0	0	0	0	0	0	0	0	0	0	0	0
Thermoflexus	0	0	0	0	0	0	0	0	0	0	0	0	0	1	1	0	0	0	0	0	0	0	0	0	0	0	0	0	0	0	0	0	0	0
Macellibacteroides	0	0	0	0	0	0	0	0	0	0	0	0	0	0	0	0	0	0	0	0	0	0	0	0	0	0	0	0	0	0	0	0	0	0
Luteimicrobium	0	0	0	0	0	0	0	0	0	0	0	0	0	0	0	0	0	0	0	0	0	0	0	0	0	0	0	0	0	0	0	0	0	0
Neomicrococcus	0	0	0	0	0	0	0	0	0	0	0	0	0	0	0	0	0	0	0	0	0	0	0	0	0	0	0	0	0	0	0	0	0	0
Woeseia	0	0	0	0	0	0	0	0	0	0	0	0	0	1	1	0	0	0	0	0	0	0	0	0	0	0	0	0	0	0	0	0	0	0
Thermoleophilum	0	0	0	0	0	0	0	0	0	0	0	0	0	1	1	0	0	0	0	0	0	0	0	0	0	0	0	0	0	0	0	0	0	0
Granulicella	0	0	0	0	0	0	0	0	0	0	0	0	0	1	1	0	0	0	0	0	0	0	0	0	0	0	0	0	0	0	0	0	0	0
Methyloligella	0	0	0	0	0	0	0	0	0	0	2	0	0	1	0	0	0	0	0	0	0	0	0	0	0	0	0	0	0	0	0	0	0	0
Arsenicitalea	0	0	0	0	0	0	0	0	0	0	0	0	0	1	1	1	0	0	0	0	0	0	0	0	0	0	0	0	0	0	0	0	0	0
Marinateneraspora	0	0	0	0	0	0	0	0	0	0	0	0	0	0	0	0	0	0	0	0	0	0	0	0	0	0	0	0	0	0	0	0	0	0
Myceligenerans	0	0	0	0	0	0	0	0	0	0	0	0	0	0	0	0	0	0	0	0	0	0	0	0	0	0	0	0	0	0	0	0	0	0
Paraoerskovia	0	0	0	0	0	0	0	0	0	0	0	0	0	0	0	0	0	0	0	0	0	0	0	0	0	0	0	0	0	0	0	0	0	0
Alkalispirillum	0	0	0	0	0	0	0	0	0	0	0	0	0	1	1	0	0	0	0	0	0	0	0	0	0	0	0	0	0	0	0	0	0	0
Roseisalinus	0	0	0	0	0	0	0	0	0	0	0	0	0	0	1	0	0	0	0	0	0	0	0	0	0	0	0	0	0	0	0	0	0	0
Geminicoccus	0	0	0	0	0	0	0	0	0	0	0	0	0	1	0	0	0	0	0	0	0	0	0	0	0	0	0	0	0	0	0	0	0	0
Schlegelella	0	0	0	0	0	0	0	0	0	0	0	0	0	0	0	0	0	0	0	0	0	0	0	0	0	0	0	0	0	0	0	0	0	0
Planctomicrobium	0	0	0	0	0	0	0	0	0	0	0	0	0	1	1	0	0	0	0	0	0	0	0	0	0	0	0	0	0	0	0	0	0	0
Pisciglobus	0	0	0	0	0	0	0	0	0	0	0	0	0	0	0	0	0	0	0	0	0	0	0	0	0	0	0	0	0	0	0	0	0	0
Atopobacter	0	0	0	0	0	0	0	0	0	0	0	0	0	0	0	0	0	0	0	0	0	0	0	0	0	0	0	0	0	0	0	0	0	0
Fictibacillus	0	0	0	0	0	0	0	0	0	0	0	0	0	0	0	0	0	0	0	0	0	0	0	0	0	0	0	0	0	0	0	0	0	0
Salipaludibacillus	0	0	0	0	0	0	0	0	0	0	0	0	0	0	0	0	0	0	0	0	0	0	0	0	0	0	0	0	0	0	0	0	0	0
Amphibacillus	0	0	0	0	0	0	0	0	0	0	0	0	0	0	0	0	0	0	0	0	0	0	0	0	0	0	0	0	0	0	0	0	0	0
Psychrobacillus	0	0	0	0	0	0	0	0	0	0	0	0	0	0	0	0	0	0	0	0	0	0	0	0	0	0	0	0	0	0	0	0	0	0
Domibacillus	0	0	0	0	0	0	0	0	0	0	0	0	0	0	0	0	0	0	0	0	0	0	0	0	0	0	0	0	0	0	0	0	0	0
Paeniclostridium	1	0	1	0	0	0	0	0	0	0	0	0	0	0	0	0	0	0	0	0	0	0	0	0	0	0	0	0	0	0	0	0	0	0
Roseburia	1	1	0	0	0	0	0	0	0	0	0	0	0	0	0	0	0	0	0	0	0	0	0	0	0	0	0	0	0	0	0	0	0	0
Anaeromassilibacillus	0	1	1	0	0	0	0	0	0	0	0	0	0	0	0	0	0	0	0	0	0	0	0	0	0	0	0	0	0	0	0	0	0	0
Alloiococcus	0	0	0	0	0	0	0	0	0	0	0	0	0	0	0	0	0	0	0	0	0	0	0	0	0	0	0	0	0	0	0	0	0	0
Dialister	0	1	1	0	0	0	0	0	0	0	0	0	0	0	0	0	0	0	0	0	0	0	0	0	0	0	0	0	0	0	0	0	0	0
Yonghaparkia	0	0	0	0	0	0	0	0	0	0	0	0	0	0	0	0	0	0	0	0	0	0	0	0	0	0	0	0	0	0	0	0	0	0
Serinibacter	0	0	0	0	0	0	0	0	0	0	0	0	0	0	0	0	0	0	0	0	0	0	0	0	0	0	0	0	0	0	0	0	0	0
Slackia	0	1	1	0	0	0	0	0	0	0	0	0	0	0	0	0	0	0	0	0	0	0	0	0	0	0	0	0	0	0	0	0	0	0
Pleurocapsa	0	0	0	0	0	0	0	0	0	0	0	0	0	0	0	0	0	0	0	0	0	0	0	0	0	0	0	0	0	0	0	0	0	0
Spiroplasma	0	0	0	0	0	0	0	0	0	0	0	0	0	0	0	0	0	0	0	0	0	0	0	0	0	0	0	0	0	0	0	0	0	0
Superficieibacter	0	0	0	0	0	0	0	0	0	0	0	0	0	0	0	0	0	0	0	0	0	0	0	0	0	0	0	0	0	0	0	0	0	0
Pseudescherichia	0	0	0	0	0	0	0	0	0	0	0	0	0	0	0	0	0	0	0	0	0	0	0	0	0	0	0	0	0	0	0	0	0	0
Edwardsiella	0	0	0	0	0	0	0	0	0	0	0	0	0	0	1	0	0	0	0	0	0	0	0	0	0	0	0	0	0	0	0	0	0	0
Proteus	0	0	0	0	0	0	0	0	1	0	0	0	0	0	0	0	0	0	0	0	0	0	0	0	0	0	0	0	0	0	0	0	0	0
Aidingimonas	0	0	0	0	0	0	0	0	0	0	0	0	0	0	0	0	0	0	0	0	0	0	0	0	0	0	0	1	0	0	0	0	0	0
Oceanospirillum	0	0	0	0	0	0	0	0	0	0	0	0	0	0	0	0	0	0	0	0	0	0	0	0	0	0	1	1	0	0	0	0	0	0
Francisella	0	0	0	0	0	0	0	0	0	0	0	0	0	0	0	1	0	0	0	0	0	0	0	0	0	0	0	0	0	0	0	0	0	0
Thiomicrospira	0	0	0	0	0	0	0	0	0	0	0	0	0	0	1	1	0	0	0	0	0	0	0	0	0	0	0	0	0	0	0	0	0	0
Rickettsiella	0	0	0	0	0	0	0	0	0	0	0	0	0	0	0	1	0	0	0	0	0	0	0	0	0	0	0	0	0	0	0	0	0	0
Wohlfahrtiimonas	0	0	0	0	0	0	0	0	0	0	0	0	0	0	0	0	0	0	0	0	0	0	0	0	0	0	0	0	0	0	0	0	0	0
Chromatocurvus	0	0	0	0	0	0	0	0	0	0	0	0	0	0	1	1	0	0	0	0	0	0	0	0	0	0	0	0	0	0	0	0	0	0
Notoacmeibacter	0	0	0	0	0	0	0	0	0	0	0	0	0	1	0	0	0	0	0	0	0	0	0	0	0	0	0	0	0	0	0	0	0	0
Sutterella	0	0	0	0	0	0	0	0	0	0	0	0	0	0	0	0	0	0	0	0	0	0	0	0	0	0	0	0	0	0	0	0	0	0
Vogesella	0	0	0	0	0	0	0	0	0	0	0	0	0	0	1	0	0	0	0	0	0	0	0	0	0	0	0	0	0	0	0	0	0	0
Cloacibacterium	0	0	0	0	0	0	0	0	0	0	0	0	0	0	0	0	0	0	0	0	0	0	0	0	0	0	0	0	0	0	0	0	0	0
Barnesiella	0	1	1	0	0	0	0	0	0	0	0	0	0	0	0	0	0	0	0	0	0	0	0	0	0	0	0	0	0	0	0	0	0	0
Larkinella	0	0	0	0	0	0	0	0	0	0	0	0	0	0	0	0	0	0	0	0	0	0	0	0	0	0	0	0	0	0	0	0	0	0
Hydrobacter	0	0	2	0	0	0	0	0	0	0	0	0	0	0	0	0	0	0	0	0	0	0	0	0	0	0	0	0	0	0	0	0	0	0
Arachidicoccus	0	0	0	0	0	0	0	0	0	0	0	0	0	1	0	0	0	0	0	0	0	0	0	0	0	0	0	0	0	0	0	0	0	0
Roseimaritima	0	0	0	0	0	0	0	0	0	0	0	0	0	1	0	0	0	0	0	0	0	0	0	0	0	0	0	0	0	0	0	0	0	0
Luteitalea	0	0	0	0	0	0	0	0	0	0	0	0	0	0	0	0	0	0	0	0	0	0	0	0	0	0	0	0	0	0	0	0	0	0
Candidatus Stoquefichus	0	0	0	0	0	0	0	0	0	0	0	0	0	0	0	0	0	0	0	0	0	0	0	0	0	0	0	0	0	0	0	0	0	0
Paenarthrobacter	0	0	0	0	0	0	0	0	0	0	0	0	0	0	0	0	0	0	0	0	0	0	0	0	0	0	0	0	0	0	0	0	0	0
Alkanindiges	0	0	0	0	0	0	0	0	0	0	0	0	0	0	0	0	0	0	0	0	0	0	0	0	0	0	0	0	0	0	0	0	0	0
Carnimonas	0	0	0	0	0	0	0	0	0	0	0	0	0	0	0	0	0	0	0	0	0	0	0	0	0	0	0	1	0	0	0	0	0	0
Parahaliea	0	0	0	0	0	0	0	0	0	0	0	0	0	0	1	0	0	0	0	0	0	0	0	0	0	0	0	0	0	0	0	0	0	0
Roseibaca	0	0	0	0	0	0	0	0	0	0	0	0	0	0	0	0	0	0	0	0	0	0	0	0	0	0	0	0	0	0	0	0	0	0
Tibeticola	0	0	0	0	0	0	0	0	0	0	0	0	0	0	0	0	0	0	0	0	0	0	0	0	0	0	0	0	0	0	0	0	0	0
Mangrovitalea	0	0	0	0	0	0	0	0	0	0	0	0	0	0	0	1	0	0	0	0	0	0	0	0	0	0	0	1	0	0	0	0	0	0
Abyssibacter	0	0	0	0	0	0	0	0	0	0	0	0	0	0	1	1	0	0	0	0	0	0	0	0	0	0	0	0	0	0	0	0	0	0
Marinovum	0	0	0	0	0	0	0	0	0	0	0	0	0	0	1	0	0	0	0	0	0	0	0	0	0	0	0	0	0	0	0	0	0	0
Phaeospirillum	0	0	0	0	0	0	0	0	0	0	0	0	0	1	0	0	0	0	0	0	0	0	0	0	0	0	0	0	0	0	0	0	0	0
Niveispirillum	0	0	0	0	0	0	0	0	0	0	0	0	0	1	0	0	0	0	0	0	0	0	0	0	0	0	0	0	0	0	0	0	0	0
Extensimonas	0	0	0	0	0	0	0	0	0	0	0	0	0	0	0	0	0	0	0	0	0	0	0	0	0	0	0	0	0	0	0	0	0	0
Pseudodesulfovibrio	0	0	0	0	0	0	0	0	0	0	0	0	0	0	0	0	0	0	0	0	0	0	0	0	0	0	0	0	0	0	0	0	0	0
Isobaculum	0	0	0	0	0	0	0	0	0	0	0	0	0	0	0	0	0	0	0	0	0	0	0	0	0	0	0	0	0	0	0	0	0	0
Tamlana	0	0	0	0	0	0	0	0	0	0	1	0	0	0	0	0	0	0	0	0	0	0	0	0	0	0	1	0	0	0	0	0	0	0
Salinimicrobium	0	0	0	0	0	0	0	0	0	0	0	0	0	0	0	0	0	0	0	0	0	0	0	0	0	0	1	1	0	0	0	0	0	0
Siphonobacter	0	0	0	0	0	0	0	0	0	0	0	0	0	0	0	0	0	0	0	0	0	0	0	0	0	0	0	0	0	0	0	0	0	0
Candidatus Saccharimonas	0	0	0	0	0	0	0	0	0	0	0	0	1	0	0	0	0	0	0	0	0	0	0	0	0	0	0	0	0	0	0	0	0	0
Methylohalobius	0	0	0	0	0	0	0	0	0	0	0	0	0	0	1	0	0	0	0	0	0	0	0	0	0	0	0	0	0	0	0	0	0	0
Hartmannibacter	0	0	0	0	0	0	0	0	0	0	0	0	0	1	0	0	0	0	0	0	0	0	0	0	0	0	0	0	0	0	0	0	0	0
Primorskyibacter	0	0	0	0	0	0	0	0	0	0	0	0	0	0	1	0	0	0	0	0	0	0	0	0	0	0	0	0	0	0	0	0	0	0
Xinfangfangia	0	0	0	0	0	0	0	0	0	0	0	0	0	0	0	0	0	0	0	0	0	0	0	0	0	0	0	0	0	0	0	0	0	0
Azospira	0	0	0	0	0	0	0	0	0	0	0	0	0	0	1	1	0	0	0	0	0	0	0	0	0	0	0	0	0	0	0	0	0	0
Desulfobulbus	0	0	0	0	0	0	0	0	0	0	0	0	0	0	0	0	0	0	0	0	0	0	0	0	0	0	0	0	0	0	0	0	0	0
Gordonibacter	0	0	1	0	0	0	0	0	0	0	0	0	0	0	0	0	0	0	0	0	0	0	0	0	0	0	0	0	0	0	0	0	0	0
Flagellimonas	0	0	0	0	0	0	0	0	0	0	1	0	0	0	0	0	0	0	0	0	0	0	0	0	0	0	1	0	0	0	0	0	0	0
Thiohalospira	0	0	0	0	0	0	0	0	0	0	0	0	0	0	1	1	0	0	0	0	0	0	0	0	0	0	0	0	0	0	0	0	0	0
Caldimonas	0	0	0	0	0	0	0	0	0	0	0	0	0	0	0	0	0	0	0	0	0	0	0	0	0	0	0	0	0	0	0	0	0	0
Zoogloea	0	0	0	0	0	0	0	0	0	0	0	0	0	0	0	0	0	0	0	0	0	0	0	0	0	0	0	0	0	0	0	0	0	0
Thermasporomyces	0	0	0	0	0	0	0	0	0	0	0	0	0	0	0	0	0	0	0	0	0	0	0	0	0	0	0	0	0	0	0	0	0	0
Dokdonia	0	0	0	0	0	0	0	0	0	0	0	0	0	0	0	0	0	0	0	0	0	0	0	0	0	0	1	1	0	0	0	0	0	0
Zavarzinella	0	0	0	0	0	0	0	0	0	0	0	0	0	1	0	0	0	0	0	0	0	0	0	0	0	0	0	0	0	0	0	0	0	0
Edaphobacter	0	0	0	0	0	0	0	0	0	0	0	0	0	1	0	0	0	0	0	0	0	0	0	0	0	0	0	0	0	0	0	0	0	0
Mangrovicoccus	0	0	0	0	0	0	0	0	0	0	0	0	0	0	0	0	0	0	0	0	0	0	0	0	0	0	0	0	0	0	0	0	0	0
Lawsonella	0	0	0	0	0	0	0	0	0	0	0	0	1	0	0	0	0	0	0	0	0	0	0	0	0	0	0	0	0	0	0	0	0	0
Truepera	0	0	0	0	0	0	0	0	0	0	0	0	0	1	1	0	0	0	0	0	0	0	0	0	0	0	0	0	0	0	0	0	0	0
Thiocystis	0	0	0	0	0	0	0	0	0	0	0	0	0	0	1	0	0	0	0	0	0	0	0	0	0	0	0	0	0	0	0	0	0	0
Orrella	0	0	0	0	0	0	0	0	0	0	0	0	0	1	1	0	0	0	0	0	0	0	0	0	0	0	0	0	0	0	0	0	0	0
Thermomonospora	0	0	0	0	0	0	0	0	0	0	0	0	0	0	0	0	0	0	0	0	0	0	0	0	0	0	0	0	0	0	0	0	0	0
Mesoflavibacter	0	0	0	0	0	0	0	0	0	0	0	0	0	0	0	0	0	0	0	0	0	0	0	0	0	0	1	1	0	0	0	0	0	0
Mongoliimonas	0	0	0	0	0	0	0	0	0	0	0	0	0	1	0	0	0	0	0	0	0	0	0	0	0	0	0	0	0	0	0	0	0	0
Zhizhongheella	0	0	0	0	0	0	0	0	0	0	0	0	0	0	0	0	0	0	0	0	0	0	0	0	0	0	0	0	0	0	0	0	0	0
Kandeliimicrobium	0	0	0	0	0	0	0	0	0	0	0	0	0	0	0	0	0	0	0	0	0	0	0	0	0	0	0	0	0	0	0	0	0	0
Allosalinactinospora	0	0	0	0	0	0	0	0	0	0	0	0	0	0	0	0	0	0	0	0	0	0	0	0	0	0	0	0	0	0	0	0	0	0
Sediminihabitans	0	0	0	0	0	0	0	0	0	0	0	0	0	0	0	0	0	0	0	0	0	0	0	0	0	0	0	0	0	0	0	0	0	0
Cucumibacter	0	0	0	0	0	0	0	0	0	0	0	0	0	1	1	0	0	0	0	0	0	0	0	0	0	0	0	0	0	0	0	0	0	0
Inhella	0	0	0	0	0	0	0	0	0	0	0	0	0	0	0	0	0	0	0	0	0	0	0	0	0	0	0	0	0	0	0	0	0	0
Pseudoarcobacter	0	0	0	0	0	0	0	0	0	0	0	0	0	0	0	0	0	0	0	0	0	0	0	0	0	0	0	0	0	0	0	0	0	0
Phycisphaera	0	0	0	0	0	0	0	0	0	0	0	0	0	1	1	0	0	0	0	0	0	0	0	0	0	0	0	0	0	0	0	0	0	0
Eremococcus	0	0	0	0	0	0	0	0	0	0	0	0	0	0	0	0	0	0	0	0	0	0	0	0	0	0	0	0	0	0	0	0	0	0
Terribacillus	0	0	0	0	0	0	0	0	0	0	0	0	0	0	0	0	0	0	0	0	0	0	0	0	0	0	0	0	0	0	0	0	0	0
Paucisalibacillus	0	0	0	0	0	0	0	0	0	0	0	0	0	0	0	0	0	0	0	0	0	0	0	0	0	0	0	0	0	0	0	0	0	0
Sporolactobacillus	0	0	0	0	0	0	0	0	0	0	0	0	0	0	0	0	0	0	0	0	0	0	0	0	0	0	0	0	0	0	0	0	0	0
Lachnobacterium	0	1	0	0	0	0	0	0	0	0	0	0	0	0	0	0	0	0	0	0	0	0	0	0	0	0	0	0	0	0	0	0	0	0
Pseudobutyrivibrio	0	0	1	0	0	0	0	0	0	0	0	0	0	0	0	0	0	0	0	0	0	0	0	0	0	0	0	0	0	0	0	0	0	0
Sporobacter	0	1	0	0	0	0	0	0	0	0	0	0	0	0	0	0	0	0	0	0	0	0	0	0	0	0	0	0	0	0	0	0	0	0
Anaerotruncus	0	1	0	0	0	0	0	0	0	0	0	0	0	0	0	0	0	0	0	0	0	0	0	0	0	0	0	0	0	0	0	0	0	0
Subdoligranulum	0	1	0	0	0	0	0	0	0	0	0	0	0	0	0	0	0	0	0	0	0	0	0	0	0	0	0	0	0	0	0	0	0	0
Acutalibacter	0	0	1	0	0	0	0	0	0	0	0	0	0	0	0	0	0	0	0	0	0	0	0	0	0	0	0	0	0	0	0	0	0	0
Flavonifractor	0	1	0	0	0	0	0	0	0	0	0	0	0	0	0	0	0	0	0	0	0	0	0	0	0	0	0	0	0	0	0	0	0	0
Pygmaiobacter	0	1	0	0	0	0	0	0	0	0	0	0	0	0	0	0	0	0	0	0	0	0	0	0	0	0	0	0	0	0	0	0	0	0
Pilibacter	0	0	0	0	0	0	0	0	0	0	0	0	0	0	0	0	0	0	0	0	0	0	0	0	0	0	0	0	0	0	0	0	0	0
Butyricicoccus	0	1	0	0	0	0	0	0	0	0	0	0	0	0	0	0	0	0	0	0	0	0	0	0	0	0	0	0	0	0	0	0	0	0
Anaerostipes	0	1	0	0	0	0	0	0	0	0	0	0	0	0	0	0	0	0	0	0	0	0	0	0	0	0	0	0	0	0	0	0	0	0
Solobacterium	0	0	0	0	0	0	0	0	0	0	0	0	0	0	0	0	0	0	0	0	0	0	0	0	0	0	0	0	0	0	0	0	0	0
Sporomusa	0	0	0	0	0	0	0	0	0	0	0	0	0	0	0	0	0	0	0	0	0	0	0	0	0	0	0	0	0	0	0	0	0	0
Megamonas	0	0	0	0	0	0	0	0	0	0	0	0	0	0	0	0	0	0	0	0	0	0	0	0	0	0	0	0	0	0	0	0	0	0
Streptomonospora	0	0	0	0	0	0	0	0	0	0	0	0	0	0	0	0	0	0	0	0	0	0	0	0	0	0	0	0	0	0	0	0	0	0
Halopolyspora	0	0	0	0	0	0	0	0	0	0	0	0	0	0	0	1	0	0	0	0	0	0	0	0	0	0	0	0	0	0	0	0	0	0
Chthonomonas	0	0	1	0	0	0	0	0	0	0	0	0	0	0	0	0	0	0	0	0	0	0	0	0	0	0	0	0	0	0	0	0	0	0
Ruminobacter	0	1	0	0	0	0	0	0	0	0	0	0	0	0	0	0	0	0	0	0	0	0	0	0	0	0	0	0	0	0	0	0	0	0
Enterovibrio	0	0	0	0	0	0	0	0	0	0	0	0	0	0	0	0	0	0	0	0	0	0	0	0	0	0	0	1	0	0	0	0	0	0
Nitrincola	0	0	0	0	0	0	0	0	0	0	0	0	0	0	0	0	0	0	0	0	0	0	0	0	0	0	0	1	0	0	0	0	0	0
Tatlockia	0	0	0	0	0	0	0	0	0	0	0	0	0	1	0	0	0	0	0	0	0	0	0	0	0	0	0	0	0	0	0	0	0	0
Candidatus Competibacter	0	0	0	0	0	0	0	0	0	0	0	0	0	0	1	0	0	0	0	0	0	0	0	0	0	0	0	0	0	0	0	0	0	0
Pararheinheimera	0	0	0	0	0	0	0	0	0	0	0	0	0	0	0	0	0	0	0	0	0	0	0	0	0	0	0	0	0	0	0	0	0	0
Cardiobacterium	0	0	0	0	0	0	0	0	0	0	0	0	0	0	1	0	0	0	0	0	0	0	0	0	0	0	0	0	0	0	0	0	0	0
Brucella	0	0	0	0	0	0	0	0	0	0	0	0	0	0	0	0	0	0	0	0	0	0	0	0	0	0	0	0	0	0	0	0	0	0
Bartonella	0	0	0	0	0	0	0	0	0	0	0	0	0	1	0	0	0	0	0	0	0	0	0	0	0	0	0	0	0	0	0	0	0	0
Aliiroseovarius	0	0	0	0	0	0	0	0	0	0	0	0	0	0	0	0	0	0	0	0	0	0	0	0	0	0	0	0	0	0	0	0	0	0
Candidatus Pelagibacter	0	0	0	0	0	0	0	0	0	0	0	0	0	0	0	0	0	0	0	0	0	0	0	0	0	0	0	0	0	0	0	0	0	0
Diaphorobacter	0	0	0	0	0	0	0	0	0	0	0	0	0	0	0	0	0	0	0	0	0	0	0	0	0	0	0	0	0	0	0	0	0	0
Prolinoborus	0	1	0	0	0	0	0	0	0	0	0	0	0	0	0	0	0	0	0	0	0	0	0	0	0	0	0	0	0	0	0	0	0	0
Hyalangium	0	0	0	0	0	0	0	0	0	0	0	0	0	0	0	0	0	0	0	0	0	0	0	0	0	0	0	0	0	0	0	0	0	0
Paraprevotella	0	1	0	0	0	0	0	0	0	0	0	0	0	0	0	0	0	0	0	0	0	0	0	0	0	0	0	0	0	0	0	0	0	0
Paludibacter	0	0	0	0	0	0	0	0	0	0	0	0	0	0	0	0	0	0	0	0	0	0	0	0	0	0	0	0	0	0	0	0	0	0
Emticicia	0	0	0	0	0	0	0	0	0	0	0	0	0	0	0	0	0	0	0	0	0	0	0	0	0	0	0	0	0	0	0	0	0	0
Rhodothermus	0	0	0	0	0	0	0	0	0	0	0	0	0	0	0	0	0	0	0	0	0	0	0	0	0	0	0	0	0	0	0	0	0	0
Pirellula	0	0	0	0	0	0	0	0	0	0	0	0	0	0	0	0	0	0	0	0	0	0	0	0	0	0	0	0	0	0	0	0	0	0
Candidatus Methylomirabilis	0	0	0	0	0	0	0	0	0	0	0	0	0	0	0	0	0	0	0	0	0	0	0	0	0	0	0	0	0	0	0	0	0	0
Leptotrichia	0	0	1	0	0	0	0	0	0	0	0	0	0	0	0	0	0	0	0	0	0	0	0	0	0	0	0	0	0	0	0	0	0	0
Mucispirillum	1	0	0	0	0	0	0	0	0	0	0	0	0	0	0	0	0	0	0	0	0	0	0	0	0	0	0	0	0	0	0	0	0	0
Caloramator	0	1	0	0	0	0	0	0	0	0	0	0	0	0	0	0	0	0	0	0	0	0	0	0	0	0	0	0	0	0	0	0	0	0
Oscillibacter	0	0	0	0	0	0	0	0	0	0	0	0	0	0	0	0	0	0	0	0	0	0	0	0	0	0	0	0	0	0	0	0	0	0
Anaerovibrio	0	0	0	0	0	0	0	0	0	0	0	0	0	0	0	0	0	0	0	0	0	0	0	0	0	0	0	0	0	0	0	0	0	0
Jonesia	0	0	0	0	0	0	0	0	0	0	0	0	0	0	0	0	0	0	0	0	0	0	0	0	0	0	0	0	0	0	0	0	0	0
Ahniella	0	0	0	0	0	0	0	0	0	0	0	0	0	0	0	0	0	0	0	0	0	0	0	0	0	0	0	0	0	0	0	0	0	0
Thiorhodovibrio	0	0	0	0	0	0	0	0	0	0	0	0	0	0	1	0	0	0	0	0	0	0	0	0	0	0	0	0	0	0	0	0	0	0
Pseudohongiella	0	0	0	0	0	0	0	0	0	0	0	0	0	0	0	0	0	0	0	0	0	0	0	0	0	0	0	1	0	0	0	0	0	0
Maricaulis	0	0	0	0	0	0	0	0	0	0	0	0	0	0	0	0	0	0	0	0	0	0	0	0	0	0	0	0	0	0	0	0	0	0
Lautropia	0	0	0	0	0	0	0	0	0	0	0	0	0	0	0	0	0	0	0	0	0	0	0	0	0	0	0	0	0	0	0	0	0	0
Confluentibacter	0	0	0	0	0	0	0	0	0	0	0	0	0	0	0	0	0	0	0	0	0	0	0	0	0	0	1	0	0	0	0	0	0	0
Hydrotalea	0	0	0	0	0	0	0	0	0	0	0	0	0	0	0	0	0	0	0	0	0	0	0	0	0	0	0	0	0	0	0	0	0	0
Rubricoccus	0	0	0	0	0	0	0	0	0	0	0	0	0	0	0	0	0	0	0	0	0	0	0	0	0	0	0	0	0	0	0	0	0	0
Fibrobacter	0	0	0	0	0	0	0	0	0	0	0	0	0	0	0	0	0	0	0	0	0	0	0	0	0	0	0	0	0	0	0	0	0	0
Alishewanella	0	0	0	0	0	0	0	0	0	0	0	0	0	0	0	0	0	0	0	0	0	0	0	0	0	0	0	1	0	0	0	0	0	0
Amphritea	0	0	0	0	0	0	0	0	0	0	0	0	0	0	0	0	0	0	0	0	0	0	0	0	0	0	0	1	0	0	0	0	0	0
Thiohalomonas	0	0	0	0	0	0	0	0	0	0	0	0	0	0	1	0	0	0	0	0	0	0	0	0	0	0	0	0	0	0	0	0	0	0
Gallaecimonas	0	0	0	0	0	0	0	0	0	0	0	0	0	0	1	0	0	0	0	0	0	0	0	0	0	0	0	0	0	0	0	0	0	0
Methylovulum	0	0	0	0	0	0	0	0	0	0	0	0	0	0	0	0	0	0	0	0	0	0	0	0	0	0	0	0	0	0	0	0	0	0
Methylomagnum	0	0	0	0	0	0	0	0	0	0	0	0	0	0	1	0	0	0	0	0	0	0	0	0	0	0	0	0	0	0	0	0	0	0
Methylobrevis	0	0	0	0	0	0	0	0	0	0	0	0	0	0	0	0	0	0	0	0	0	0	0	0	0	0	0	0	0	0	0	0	0	0
Consotaella	0	0	0	0	0	0	0	0	0	0	0	0	0	1	0	0	0	0	0	0	0	0	0	0	0	0	0	0	0	0	0	0	0	0
Tateyamaria	0	0	0	0	0	0	0	0	0	0	0	0	0	0	0	0	0	0	0	0	0	0	0	0	0	0	0	0	0	0	0	0	0	0
Pelobacter	0	0	0	0	0	0	0	0	0	0	0	0	0	0	0	0	0	0	0	0	0	0	0	0	0	0	0	0	0	0	0	0	0	0
Tepidiphilus	0	0	0	0	0	0	0	0	0	0	0	0	0	0	1	0	0	0	0	0	0	0	0	0	0	0	0	0	0	0	0	0	0	0
Runella	0	0	0	0	0	0	0	0	0	0	0	0	0	0	0	0	0	0	0	0	0	0	0	0	0	0	0	0	0	0	0	0	0	0
Moellerella	0	0	0	0	0	0	0	0	0	0	0	0	0	0	0	0	0	0	0	0	0	0	0	0	0	0	0	0	0	0	0	0	0	0
Halovibrio	0	0	0	0	0	0	0	0	0	0	0	0	0	0	0	0	0	0	0	0	0	0	0	0	0	0	0	1	0	0	0	0	0	0
Methylococcus	0	0	0	0	0	0	0	0	0	0	0	0	0	0	1	0	0	0	0	0	0	0	0	0	0	0	0	0	0	0	0	0	0	0
Falsochrobactrum	0	0	0	0	0	0	0	0	0	0	0	0	0	0	0	0	0	0	0	0	0	0	0	0	0	0	0	0	0	0	0	0	0	0
Pseudoxanthobacter	0	0	0	0	0	0	0	0	0	0	0	0	0	0	0	0	0	0	0	0	0	0	0	0	0	0	0	0	0	0	0	0	0	0
Pacificimonas	0	0	0	0	0	0	0	0	0	0	0	0	0	1	0	0	0	0	0	0	0	0	0	0	0	0	0	0	0	0	0	0	0	0
Kozakia	0	0	0	0	0	0	0	0	0	0	0	0	0	0	0	0	0	0	0	0	0	0	0	0	0	0	0	0	0	0	0	0	0	0
Parvularcula	0	0	0	0	0	0	0	0	0	0	0	0	0	0	0	0	0	0	0	0	0	0	0	0	0	0	0	0	0	0	0	0	0	0
Undibacterium	0	0	0	0	0	0	0	0	0	0	0	0	0	0	1	0	0	0	0	0	0	0	0	0	0	0	0	0	0	0	0	0	0	0
Vitiosangium	0	0	0	0	0	0	0	0	0	0	0	0	0	0	0	0	0	0	0	0	0	0	0	0	0	0	0	0	0	0	0	0	0	0
Massilibacillus	0	0	0	0	0	0	0	0	0	0	0	0	0	0	0	0	0	0	0	0	0	0	0	0	0	0	0	0	0	0	0	0	0	0
Chloroflexus	0	0	0	0	0	0	0	0	0	0	0	0	0	0	0	0	0	0	0	0	0	0	0	0	0	0	0	0	0	0	0	0	0	0
Aliifodinibius	0	0	0	0	0	0	0	0	0	0	0	0	0	0	0	1	0	0	0	0	0	0	0	0	0	0	0	0	0	0	0	0	0	0
Ciceribacter	0	0	0	0	0	0	0	0	0	0	0	0	0	0	0	0	0	0	0	0	0	0	0	0	0	0	0	0	0	0	0	0	0	0
Azorhizobium	0	0	0	0	0	0	0	0	0	0	0	0	0	1	0	0	0	0	0	0	0	0	0	0	0	0	0	0	0	0	0	0	0	0
Mangrovicella	0	0	0	0	0	0	0	0	0	0	0	0	0	0	0	0	0	0	0	0	0	0	0	0	0	0	0	0	0	0	0	0	0	0
Hansschlegelia	0	0	0	0	0	0	0	0	0	0	0	0	0	1	0	0	0	0	0	0	0	0	0	0	0	0	0	0	0	0	0	0	0	0
Falsirhodobacter	0	0	0	0	0	0	0	0	0	0	0	0	0	0	0	0	0	0	0	0	0	0	0	0	0	0	0	0	0	0	0	0	0	0
Tetzosporium	0	0	0	0	0	0	0	0	0	0	0	0	0	0	0	0	0	0	0	0	0	0	0	0	0	0	0	0	0	0	0	0	0	0
Okibacterium	0	0	0	0	0	0	0	0	0	0	0	0	0	0	0	0	0	0	0	0	0	0	0	0	0	0	0	0	0	0	0	0	0	0
Parolsenella	0	1	0	0	0	0	0	0	0	0	0	0	0	0	0	0	0	0	0	0	0	0	0	0	0	0	0	0	0	0	0	0	0	0
Pricia	0	0	0	0	0	0	0	0	0	0	0	0	0	0	0	0	0	0	0	0	0	0	0	0	0	0	0	0	0	0	0	0	0	0
Xanthomarina	0	0	0	0	0	0	0	0	0	0	0	0	0	0	0	0	0	0	0	0	0	0	0	0	0	0	0	0	0	0	0	0	0	0
Chryseolinea	0	0	0	0	0	0	0	0	0	0	0	0	0	0	0	0	0	0	0	0	0	0	0	0	0	0	0	0	0	0	0	0	0	0
Sediminibacterium	0	0	0	0	0	0	0	0	0	0	0	0	0	0	0	0	0	0	0	0	0	0	0	0	0	0	0	0	0	0	0	0	0	0
Candidatus Nitrosoglobus	0	0	0	0	0	0	0	0	0	0	0	0	0	0	0	1	0	0	0	0	0	0	0	0	0	0	0	0	0	0	0	0	0	0
Sinosporangium	0	0	0	0	0	0	0	0	0	0	0	0	0	1	0	0	0	0	0	0	0	0	0	0	0	0	0	0	0	0	0	0	0	0
Pseudophaeobacter	0	0	0	0	0	0	0	0	0	0	0	0	0	0	0	0	0	0	0	0	0	0	0	0	0	0	0	0	0	0	0	0	0	0
Oceaniovalibus	0	0	0	0	0	0	0	0	0	0	0	0	0	0	0	0	0	0	0	0	0	0	0	0	0	0	0	0	0	0	0	0	0	0
Thermaerobacter	0	0	0	0	0	0	0	0	0	0	0	0	0	0	0	0	0	0	0	0	0	0	0	0	0	0	0	0	0	0	0	0	0	0
Sedimentitalea	0	0	0	0	0	0	0	0	0	0	0	0	0	0	0	0	0	0	0	0	0	0	0	0	0	0	0	0	0	0	0	0	0	0
Confluentimicrobium	0	0	0	0	0	0	0	0	0	0	0	0	0	0	0	0	0	0	0	0	0	0	0	0	0	0	0	0	0	0	0	0	0	0
Maliponia	0	0	0	0	0	0	0	0	0	0	0	0	0	0	0	0	0	0	0	0	0	0	0	0	0	0	0	0	0	0	0	0	0	0
Hoyosella	0	0	0	0	0	0	0	0	0	0	0	0	1	0	0	0	0	0	0	0	0	0	0	0	0	0	0	0	0	0	0	0	0	0
Salinibacter	0	0	0	0	0	0	0	0	0	0	0	0	0	0	0	0	0	0	0	0	0	0	0	0	0	0	0	0	0	0	0	0	0	0
Chthoniobacter	0	0	0	0	0	0	0	0	0	0	0	0	0	0	0	0	0	0	0	0	0	0	0	0	0	0	0	0	0	0	0	0	0	0
Candidatus Solibacter	0	0	0	0	0	0	0	0	0	0	0	0	0	0	0	0	0	0	0	0	0	0	0	0	0	0	0	0	0	0	0	0	0	0
Tamilnaduibacter	0	0	0	0	0	0	0	0	0	0	0	0	0	0	0	0	0	0	0	0	0	0	0	0	0	0	0	1	0	0	0	0	0	0
Mycoplana	0	0	0	0	0	0	0	0	0	0	0	0	0	0	0	0	0	0	0	0	0	0	0	0	0	0	0	0	0	0	0	0	0	0
Litorimicrobium	0	0	0	0	0	0	0	0	0	0	0	0	0	0	0	0	0	0	0	0	0	0	0	0	0	0	0	0	0	0	0	0	0	0
Mameliella	0	0	0	0	0	0	0	0	0	0	0	0	0	0	0	0	0	0	0	0	0	0	0	0	0	0	0	0	0	0	0	0	0	0
Gemmatimonas	0	0	0	0	0	0	0	0	0	0	0	0	0	0	0	0	0	0	0	0	0	0	0	0	0	0	0	0	0	0	0	0	0	0
Thermobispora	0	0	0	0	0	0	0	0	0	0	0	0	0	0	0	0	0	0	0	0	0	0	0	0	0	0	0	0	0	0	0	0	0	0
Aquimixticola	0	0	0	0	0	0	0	0	0	0	0	0	0	0	0	0	0	0	0	0	0	0	0	0	0	0	0	0	0	0	0	0	0	0
Sediminibacter	0	0	0	0	0	0	0	0	0	0	1	0	0	0	0	0	0	0	0	0	0	0	0	0	0	0	0	0	0	0	0	0	0	0
Haloechinothrix	0	0	0	0	0	0	0	0	0	0	0	0	0	0	0	1	0	0	0	0	0	0	0	0	0	0	0	0	0	0	0	0	0	0
Sedimentibacter	0	0	0	0	0	0	0	0	0	0	0	0	0	0	0	0	0	0	0	0	0	0	0	0	0	0	0	0	0	0	0	0	0	0
Allobaculum	0	0	0	0	0	0	0	0	0	0	0	0	0	0	0	0	0	0	0	0	0	0	0	0	0	0	0	0	0	0	0	0	0	0
Catelliglobosispora	0	0	0	0	0	0	0	0	0	0	0	0	0	0	0	0	0	0	0	0	0	0	0	0	0	0	0	0	0	0	0	0	0	0
Spirillospora	0	0	0	0	0	0	0	0	0	0	0	0	0	0	0	0	0	0	0	0	0	0	0	0	0	0	0	0	0	0	0	0	0	0
Nitrolancea	0	0	0	0	0	0	0	0	0	0	0	0	0	1	0	0	0	0	0	0	0	0	0	0	0	0	0	0	0	0	0	0	0	0
Halopeptonella	0	0	0	0	0	0	0	0	0	0	0	0	0	0	1	0	0	0	0	0	0	0	0	0	0	0	0	0	0	0	0	0	0	0
Starkeya	0	0	0	0	0	0	0	0	0	0	0	0	0	1	0	0	0	0	0	0	0	0	0	0	0	0	0	0	0	0	0	0	0	0
Citromicrobium	0	0	0	0	0	0	0	0	0	0	0	0	0	0	1	0	0	0	0	0	0	0	0	0	0	0	0	0	0	0	0	0	0	0
Limimonas	0	0	0	0	0	0	0	0	0	0	0	0	0	0	0	1	0	0	0	0	0	0	0	0	0	0	0	0	0	0	0	0	0	0
Propionivibrio	0	0	0	0	0	0	0	0	0	0	0	0	0	0	0	0	0	0	0	0	0	0	0	0	0	0	0	0	0	0	0	0	0	0
Lacunisphaera	0	0	0	0	0	0	0	0	0	0	0	0	0	0	0	0	0	0	0	0	0	0	0	0	0	0	0	0	0	0	0	0	0	0
Anaeromusa	0	0	0	0	0	0	0	0	0	0	0	0	0	0	0	0	0	0	0	0	0	0	0	0	0	0	0	0	0	0	0	0	0	0
Sulfuricaulis	0	0	0	0	0	0	0	0	0	0	0	0	0	0	1	0	0	0	0	0	0	0	0	0	0	0	0	0	0	0	0	0	0	0
Haloarcobacter	0	0	0	0	0	0	0	0	0	0	0	0	0	0	0	0	0	0	0	0	0	0	0	0	0	0	0	0	0	0	0	0	0	0
Anaeroarcus	0	0	0	0	0	0	0	0	0	0	0	0	0	0	0	0	0	0	0	0	0	0	0	0	0	0	0	0	0	0	0	0	0	0
Natronohydrobacter	0	0	0	0	0	0	0	0	0	0	0	0	0	0	0	0	0	0	0	0	0	0	0	0	0	0	0	0	0	0	0	0	0	0
